% # columns="iteration, evaluation, sigma, axis ratio, bestever, best, median, worst objective function value, further objective values of best", seed=829786, Sun Mar 12 18:12:01 2023, <python>{}</python>
1 9 0.22304214040846104 1.0000416675347343 1203.7231551592479 1.2037231551592479e+03 1273.3005814009387 1582.1756017634493   
2 18 0.24020628416902765 1.2030262653477726 1018.5191360379133 1.0185191360379133e+03 1180.8001004254206 1397.850960656895   
3 27 0.2768012074910212 1.3937039942874512 727.1354979610916 7.2713549796109157e+02 1138.2300767584336 1497.993004690008   
4 36 0.3632587504564961 1.7687613141208216 516.4486851587237 5.1644868515872372e+02 812.2300234265416 1376.027148730671   
5 45 0.431017252390503 1.9449366464578168 361.93684471999126 3.6193684471999126e+02 608.6455228840663 834.0833392148396   
6 54 0.45756192771435744 2.0124867524216676 361.93684471999126 4.0461584920110738e+02 784.1726834093505 1137.6974545191927   
7 63 0.4758929556795218 2.088317879699666 361.93684471999126 4.4694697502769486e+02 828.9280905228435 1673.7285773779922   
8 72 0.5254649484556483 2.1924481330935 361.93684471999126 4.2063295700443717e+02 604.2814502517105 1054.182286748443   
9 81 0.6261244117894771 2.122932872612856 238.94285322016518 2.3894285322016518e+02 731.1207120312575 1139.7026005758528   
10 90 0.6764230690297461 1.9402231560118617 238.94285322016518 3.4168618608109057e+02 883.1437418224667 1322.5033925261423   
11 99 0.6807557792251555 2.0659716778842956 238.94285322016518 5.2236634808493977e+02 875.3729020778493 1469.0887651180467   
12 108 0.6491602688386718 2.278113913301363 238.94285322016518 3.0179980140589885e+02 785.6366676505601 1910.0981213214368   
13 117 0.5754101369842983 2.359623039091326 171.48298468604185 1.7148298468604185e+02 902.4228548281862 1669.7825004982706   
14 126 0.49896102133571674 2.5635848551190645 171.48298468604185 4.0136057288191989e+02 609.4151318736347 834.5667071752232   
15 135 0.48716476271888043 2.769893524221784 171.48298468604185 2.1221145731175062e+02 349.62647751261676 995.2811670620629   
16 144 0.46020209207285273 3.0581796530609964 171.48298468604185 3.2889210449684418e+02 655.842147865545 753.297250017013   
17 153 0.44659339746056226 3.0397154150854133 171.48298468604185 2.2561881733293185e+02 401.02735196645335 760.9457488690399   
18 162 0.42035252649251337 3.2694751900428325 171.48298468604185 3.0814114170499812e+02 428.3860799710876 677.8114511810734   
19 171 0.4267179547805117 3.5187288039705216 156.11557448698605 1.5611557448698605e+02 251.76498693798976 510.03400240631254   
20 180 0.37251003866019194 3.787548716101289 154.89194105186056 1.5489194105186056e+02 496.531144609061 611.0185729827175   
21 189 0.3799371542972651 3.950704031196774 136.4765868830222 1.3647658688302221e+02 321.95552979576894 403.00735333056855   
22 198 0.37018665022335584 4.2278741428221664 136.4765868830222 1.5042875080391516e+02 438.7049411258291 693.158551840131   
23 207 0.32142287264537905 4.644641851144715 136.4765868830222 2.1109241701179678e+02 256.4676875486034 407.8000920899727   
24 216 0.30975798197659615 4.828616493955598 87.63520102789029 8.7635201027890290e+01 166.80852718208837 298.3426775729876   
25 225 0.30153250866013703 5.06666084403948 57.56484315564625 5.7564843155646251e+01 120.70249239527672 585.8856127807271   
26 234 0.2607132146756454 5.179876286984546 57.56484315564625 8.8348748973421436e+01 256.32089812598014 322.72729818888587   
27 243 0.23310434305799158 5.1424015606486275 57.56484315564625 9.3384241226455117e+01 183.07313107543345 335.8073068685561   
28 252 0.21806825838765267 5.4261848497410465 47.47911151482546 4.7479111514825462e+01 231.48121084183046 353.20889921099683   
29 261 0.21126054379328044 5.873438814578733 47.47911151482546 7.3030595871472357e+01 122.91303363816928 220.48483544896098   
30 270 0.19522999344796563 6.443998925575753 15.662112608698328 1.5662112608698328e+01 70.79203729620315 232.63693117421136   
31 279 0.16343940731554363 6.814142320653557 15.662112608698328 2.7802136022609034e+01 73.28335848167964 151.78133737259452   
32 288 0.16627200694506183 7.536253964077364 15.662112608698328 4.4791066438214003e+01 110.8459732784679 164.44859817482947   
33 297 0.15885616324181087 8.063612427227088 15.662112608698328 3.6996312139210666e+01 91.37726812595332 149.07309598811537   
34 306 0.1452893542786593 8.609561341590313 15.662112608698328 1.7188731195728934e+01 99.07844073791733 141.02849670706735   
35 315 0.1605013447149478 8.93665315044251 15.662112608698328 4.5358181969256918e+01 69.26986875291746 166.42069441043273   
36 324 0.14113356288052858 9.729994525423766 7.5539940501089 7.5539940501088996e+00 64.098851701803 114.49136209045862   
37 333 0.13473908728379802 11.10578094262761 7.5539940501089 1.2301832619399660e+01 49.242521468779 90.97059137185444   
38 342 0.14576610358765316 11.003215468014488 7.5539940501089 2.3999112130694524e+01 56.617320995015234 106.26180582432617   
39 351 0.1631372930293567 11.578889875566128 7.5539940501089 4.4101216282743849e+01 60.230754996097666 95.2603574063688   
40 360 0.14944057469034525 11.799731757361677 7.5539940501089 2.3450740332893268e+01 56.67954477905568 93.07378497428566   
41 369 0.14989885251731794 14.05756139972122 7.5539940501089 1.2408191986569117e+01 53.2049937843179 132.87569474418325   
42 378 0.1470495421026996 15.172823728984717 7.5539940501089 1.7559365295381319e+01 52.44972307078523 71.37899535380198   
43 387 0.16572890819209046 15.128510716336242 7.5539940501089 1.6068229277638302e+01 42.83944412903329 73.20231610503738   
44 396 0.1524942400297529 17.39554676371875 7.5539940501089 3.3599815904756170e+01 62.773401817920494 82.64946313780003   
45 405 0.13067870114190583 18.364922799983805 7.5539940501089 1.5137188925400292e+01 32.54317208099235 82.67145387578752   
46 414 0.12141231409453039 18.99460989955845 7.5539940501089 2.2411114877438866e+01 38.43213797317994 71.23529664488736   
47 423 0.10502483487397864 18.409328846356825 7.5539940501089 1.4656164995794853e+01 46.34026695763013 80.283753141054   
48 432 0.09813443943673661 18.446710357481077 7.5539940501089 1.1628798716618054e+01 26.12962704145858 46.99115260149541   
49 441 0.10191319642513065 19.839817398617285 7.5539940501089 9.3193420640989526e+00 17.183037516084227 48.08493928648137   
50 450 0.1088888678306567 24.337168637038637 7.5539940501089 1.3165921382162658e+01 24.023264424845266 30.685763138659645   
51 459 0.11556094000684448 25.949510810160312 7.5539940501089 1.0644020055918030e+01 31.861534432543266 37.41532966355689   
52 468 0.10985842364976432 27.140004302890663 7.5539940501089 1.7656180973661126e+01 22.93333131515128 49.4840741079715   
53 477 0.10123075321473536 30.064574337209706 7.5539940501089 1.3496241103278356e+01 29.092280615357517 49.00284055330121   
54 486 0.0879872901882609 29.654821670673204 6.244264063315018 6.2442640633150184e+00 18.820641931234523 36.53385628708529   
55 495 0.07797338839679889 30.378451971709804 6.244264063315018 1.0151265159278850e+01 16.44960342833502 22.397433585256476   
56 504 0.06490647014038795 32.15013102237098 6.244264063315018 1.1383184517032817e+01 17.080484550388494 30.401873516861734   
57 513 0.06392963036065914 31.458210143427543 5.09868913977075 5.0986891397707499e+00 14.276107661819367 19.81417076843703   
58 522 0.07593695644379099 32.46231713014857 5.09868913977075 6.9292387319011004e+00 13.037335396111487 19.878073670143355   
59 531 0.07093670471849275 37.2302615379837 2.7762570002893248 2.7762570002893248e+00 15.959742015522854 18.581653120337972   
60 540 0.06929545475207592 39.91087655700807 2.7762570002893248 6.8590068968807323e+00 13.870701012901991 19.063104392034493   
61 549 0.0637550251631394 40.028380990118805 2.7762570002893248 8.3617002903154720e+00 13.041616410564 14.673772713583963   
62 558 0.05602908239921542 40.66567215878837 2.7762570002893248 7.5538613115657691e+00 10.81902262242172 15.318303103610596   
63 567 0.05559114328151459 43.81901194236117 2.7762570002893248 5.3607535006090856e+00 9.111430018871683 15.453380570539833   
64 576 0.05145423390705375 45.7367763668968 2.7762570002893248 4.5270977820939100e+00 8.53416420887314 23.11947326738181   
65 585 0.04489482684114984 49.518163999713124 2.7762570002893248 3.6906462968506504e+00 7.49071169189159 12.317204909008904   
66 594 0.04674397358470525 56.12546012278855 2.7762570002893248 3.4374661827375461e+00 5.606250583270174 14.606571363169689   
67 603 0.041748431612540535 66.30397387008068 2.7583476552301627 2.7583476552301627e+00 4.237037314359538 8.791826643829614   
68 612 0.0382203949851064 75.49906518107663 2.7583476552301627 3.6992459747845508e+00 4.985975933704931 8.104885540289034   
69 621 0.03726710774533149 80.35153145461665 2.7583476552301627 3.1770796343092025e+00 4.483719736921523 6.5411633128582585   
70 630 0.033857968657099766 83.55225172489844 2.7583476552301627 3.9396572317467453e+00 4.87699015366115 8.618258803265352   
71 639 0.038981864966904645 83.72636249902763 2.7583476552301627 3.4340017686974238e+00 5.247688493043733 6.111771115566271   
72 648 0.03790566278080434 92.97191545201026 2.7583476552301627 3.3500126846827443e+00 6.177989224881319 7.602990871036359   
73 657 0.04228329501271518 99.97563239730809 2.5121206780939977 2.5121206780939977e+00 4.689786318661086 6.524476881329271   
74 666 0.038736358904077006 109.41435738530997 2.5121206780939977 3.5682207780500361e+00 4.643457995774335 8.541360904825337   
75 675 0.036228588518281195 115.08487229195065 2.5121206780939977 3.0239207518008540e+00 4.1245494778319705 8.213857479572168   
76 684 0.034929754873303555 116.69285718722497 2.5121206780939977 2.7317428723907176e+00 4.612672704476337 7.347293393961231   
77 693 0.032931840812578744 137.82714343346152 2.5121206780939977 2.8684139167582106e+00 3.594414406174905 7.487544507207753   
78 702 0.031790777845226915 137.3456345545118 2.5121206780939977 2.6505137691116700e+00 4.0880373775704575 6.554761393194211   
79 711 0.034358267790673976 132.61282598091313 2.5121206780939977 3.0727203084158732e+00 3.9716771472090704 5.4782562489950095   
80 720 0.032038214403846486 141.8172369326744 2.5121206780939977 3.1227807842043540e+00 4.34798965510418 6.538631260727924   
81 729 0.02987409116820063 137.4943745089238 2.478837199201728 2.4788371992017280e+00 3.4583971104106217 4.5644519996920785   
82 738 0.029049566709256982 144.9270406402362 2.478837199201728 2.5810648939984704e+00 2.919832291953036 5.798032073129846   
83 747 0.026931755750888294 153.1992331716025 2.478837199201728 2.6567854325704023e+00 3.0741610808488757 3.616893277028199   
84 756 0.026193983494927724 152.9615777855094 2.478837199201728 2.5916306360277446e+00 3.059895237550879 3.718307238066412   
85 765 0.02197301270707991 154.6854402550149 2.478837199201728 2.4923802356235578e+00 2.894639256527451 3.606851883009281   
86 774 0.019377111792111754 158.52842353222644 2.456352625680688 2.4563526256806880e+00 2.6546048822256614 2.9837776359190515   
87 783 0.016816035980036392 150.64049111093365 2.4521246523108178 2.4521246523108178e+00 2.523233130501188 3.2037410684692214   
88 792 0.015279481400036906 152.81350997352402 2.41453887841329 2.4145388784132900e+00 2.5324547901839676 2.858632320267791   
89 801 0.013637822399619106 162.55552870576216 2.4029071183682587 2.4029071183682587e+00 2.4681255134820197 2.932138550279689   
90 810 0.011513954788346907 181.93717634773398 2.393122414756972 2.3931224147569718e+00 2.475104507644097 2.63338141170362   
91 819 0.010407146203327593 191.45944116890288 2.393122414756972 2.3992970084157688e+00 2.475904652888733 2.494326835798809   
92 828 0.010395955511447978 211.763494124966 2.393122414756972 2.4027072537658953e+00 2.443774262652614 2.547529575807986   
93 837 0.009800453695837971 241.6531952466532 2.393122414756972 2.4083015654634945e+00 2.44471994788387 2.6525423021983094   
94 846 0.008500433352406467 240.86501834530767 2.393122414756972 2.4053694372276588e+00 2.439334132104038 2.4915756850194515   
95 855 0.008102009972198636 230.38424513840397 2.3857277224162354 2.3857277224162354e+00 2.408839648717978 2.4408917779768955   
96 864 0.008746009087024696 234.00323240853476 2.3813977494378773 2.3813977494378773e+00 2.3967485103049624 2.4658854404074084   
97 873 0.007477596694537589 233.0433266092842 2.379246434313697 2.3792464343136972e+00 2.4172076356670833 2.447116051281084   
98 882 0.007683445082926269 243.1864160681465 2.377711916870019 2.3777119168700191e+00 2.4157663813572094 2.451079338002992   
99 891 0.007834527768490442 266.22621833133087 2.3541871926617706 2.3541871926617706e+00 2.3918495741168813 2.4855427644490966   
100 900 0.007059360451384244 301.8014561131378 2.3541871926617706 2.3620439646333700e+00 2.38428873759741 2.4113326902763763   
101 909 0.007026844512863335 309.4419573186969 2.3541871926617706 2.3547971956083980e+00 2.3813131989192713 2.3902955136472346   
102 918 0.007384069971420367 300.6751235046184 2.3541871926617706 2.3557848119671170e+00 2.3695342877625167 2.3761458417350307   
103 927 0.00626414198970875 293.537199418052 2.3541871926617706 2.3609093435293280e+00 2.3848260026996195 2.3897871372449067   
104 936 0.006160723345394275 308.1728978143073 2.35184725705623 2.3518472570562299e+00 2.3623415994421615 2.406685207391113   
105 945 0.00678290462524283 318.8649479353705 2.351712585600879 2.3517125856008789e+00 2.3583006538552573 2.4000327349391677   
106 954 0.007196002182445375 326.5716291790584 2.338151190071051 2.3381511900710512e+00 2.3676610809513203 2.373501866959402   
107 963 0.0071271300041799435 346.2632084315083 2.3357471541764 2.3357471541764001e+00 2.361513691200888 2.374417749837481   
108 972 0.006988588709623644 353.9750292130308 2.3330674645711134 2.3330674645711134e+00 2.3518013117712804 2.381844897769651   
109 981 0.007528453786364142 369.9726956065703 2.3259724808494493 2.3259724808494493e+00 2.343963209742019 2.3529936487124012   
110 990 0.007698899086722753 421.71947357372636 2.3220483642772485 2.3220483642772485e+00 2.3443316387356257 2.3543490665611086   
111 999 0.00869426918787854 450.583648169239 2.3128090231485814 2.3128090231485814e+00 2.3355327834442323 2.374739876633891   
112 1008 0.010111521942430196 464.4536514792807 2.301575058761275 2.3015750587612751e+00 2.3231294710763253 2.3546024022416994   
113 1017 0.011453088990013826 461.5563721259035 2.2980183038613995 2.2980183038613995e+00 2.3167286373203972 2.348683204659948   
114 1026 0.011477006194187532 489.426241939482 2.296412037010821 2.2964120370108212e+00 2.3331312981771513 2.3577728217310843   
115 1035 0.013332058938479687 447.35533329674575 2.282536945588434 2.2825369455884341e+00 2.3207594392243633 2.3449161533570217   
116 1044 0.016277907882058882 477.219870097189 2.260701205747393 2.2607012057473930e+00 2.3074150389393706 2.345127390271765   
117 1053 0.016574501566511083 486.7235409531187 2.260701205747393 2.2618830570859787e+00 2.303609046013795 2.543170910062725   
118 1062 0.014274149722393312 511.4413451206014 2.260701205747393 2.2630170423579372e+00 2.2965644167376613 2.6010799652814374   
119 1071 0.01439589794980159 506.25951764548284 2.249275926413869 2.2492759264138691e+00 2.2886236342801345 2.328297885112535   
120 1080 0.0158384140170985 488.044698767257 2.2363426510434716 2.2363426510434716e+00 2.263812441249659 2.34826596486575   
121 1089 0.015254749157226643 458.846955796923 2.2363426510434716 2.2368550074505533e+00 2.2756144269220693 2.5580287254884433   
122 1098 0.016148697766842503 462.33572046204455 2.2205392896894627 2.2205392896894627e+00 2.249738800838539 2.315747498947643   
123 1107 0.0179360951365656 458.87442887746636 2.21135758258832 2.2113575825883198e+00 2.2841467092663645 2.6337686513271286   
124 1116 0.017698613890383158 428.03283476459274 2.1965036560951754 2.1965036560951754e+00 2.2649524266640726 2.383842570617686   
125 1125 0.01953654792734483 415.5963443210666 2.18633629233474 2.1863362923347398e+00 2.243821755836526 2.326770835166092   
126 1134 0.019215487857199193 383.65983564338524 2.18633629233474 2.1927591805825988e+00 2.245225150797637 2.3454956015224973   
127 1143 0.019303406270879786 376.3027853752763 2.18633629233474 2.1864016133110100e+00 2.2569975807161318 2.4531098818628516   
128 1152 0.01990003755287457 377.5578878588137 2.1809618204533194 2.1809618204533194e+00 2.247830633799167 2.3585772597975905   
129 1161 0.020357925615653295 380.69023683412235 2.178135607243939 2.1781356072439388e+00 2.249187241122246 2.5141165940677888   
130 1170 0.01966401828324698 351.6896478862577 2.159869345737687 2.1598693457376870e+00 2.2290411128880683 2.3521624442398186   
131 1179 0.019170806148990298 349.99969343275023 2.159869345737687 2.1747800703479787e+00 2.2588383499311173 2.339357353264458   
132 1188 0.019210902712893885 366.3968428869058 2.1328187999822723 2.1328187999822723e+00 2.2036054146352355 2.330174892374901   
133 1197 0.02048811344166085 359.53840625509844 2.1328187999822723 2.1355845707050589e+00 2.181943955041889 2.462886714776524   
134 1206 0.019829504924116066 382.111243350354 2.122216746869677 2.1222167468696771e+00 2.1596091182147443 2.3103819568834867   
135 1215 0.019769057779042518 370.11161247008295 2.1033549651972065 2.1033549651972065e+00 2.139826958269133 2.442574706540078   
136 1224 0.023997512957046115 391.0963934142843 2.1033549651972065 2.1265284613186375e+00 2.1668240823410896 2.455525518375899   
137 1233 0.02509226740163696 439.28751324351117 2.08997083241887 2.0899708324188699e+00 2.1790711018263726 3.3190176108479177   
138 1242 0.021620378039693636 444.60899264366304 2.08997083241887 2.1084412316161036e+00 2.1802168974417984 2.2827405575501336   
139 1251 0.01907930474061576 489.0442027484849 2.08997083241887 2.0917805163867760e+00 2.1434160727738343 2.352728281405581   
140 1260 0.01677965461291824 500.00115225863567 2.08997083241887 2.1070760583766832e+00 2.1315028456987877 2.196586985658807   
141 1269 0.014180245354100262 520.9614005588248 2.0894067435095836 2.0894067435095836e+00 2.114985346592869 2.240330175547061   
142 1278 0.01301861302467931 489.2807711889827 2.0835150872284367 2.0835150872284367e+00 2.127239923498843 2.1696458234306846   
143 1287 0.012748425998305871 479.4162979181367 2.0835150872284367 2.0909304718369128e+00 2.0959455641238836 2.1391542268343193   
144 1296 0.013174061288819112 493.23344741234484 2.080134300395894 2.0801343003958941e+00 2.0937563811733195 2.1233207182674834   
145 1305 0.011991607724669512 505.2415407601226 2.0760081332181257 2.0760081332181257e+00 2.0987702183085477 2.124519018718619   
146 1314 0.012559054182613744 466.81359270086665 2.0714803900401644 2.0714803900401644e+00 2.0906253502482604 2.147369992332289   
147 1323 0.012660291398480353 444.72823486884295 2.071246713736186 2.0712467137361861e+00 2.092948702786948 2.1280918683365386   
148 1332 0.01203956957931248 470.165244160676 2.0596379698325475 2.0596379698325475e+00 2.0867823109720325 2.1626248088091486   
149 1341 0.01279769562933241 444.8342784131629 2.059113634624069 2.0591136346240688e+00 2.0805582877383135 2.121484409132795   
150 1350 0.012302434321334611 439.1409329702251 2.0523178474863464 2.0523178474863464e+00 2.07708099508138 2.135671702139086   
151 1359 0.012001219067186323 438.8299620540485 2.0523178474863464 2.0565122035341816e+00 2.0748868504291407 2.0905712373083913   
152 1368 0.010776092334657504 467.9346694489792 2.044110051404622 2.0441100514046222e+00 2.0647935462545166 2.0767906315430555   
153 1377 0.011411301482963234 440.5128769720839 2.038243107932649 2.0382431079326491e+00 2.0476025098992108 2.0646017583199003   
154 1386 0.014242505493909333 461.62683258745653 2.01537284484348 2.0153728448434798e+00 2.045191066876597 2.065297842727428   
155 1395 0.01618523387405394 520.851069000381 2.01537284484348 2.0199736342566941e+00 2.0353176888977202 2.0792532543756983   
156 1404 0.017325586004381423 489.46498228556936 2.01537284484348 2.0224267537812470e+00 2.051448628096726 2.075014303368281   
157 1413 0.017488151502423242 503.6233310574178 2.00853333499577 2.0085333349957701e+00 2.0449044255334243 2.125288396509697   
158 1422 0.019044326369551876 507.6312231799209 2.001303781307374 2.0013037813073740e+00 2.0291673028373656 2.043439712707136   
159 1431 0.021616279092524587 493.1960158980492 1.984147279783576 1.9841472797835760e+00 2.018541828646902 2.0876841592136612   
160 1440 0.022702117020255142 596.1174924661 1.984147279783576 1.9884394789307627e+00 2.013841885030514 2.056635874478466   
161 1449 0.023930110962102475 626.3068984559928 1.984147279783576 1.9857625614882479e+00 2.0037243341865425 2.1408450512737645   
162 1458 0.02552798799855267 622.6000118895224 1.9604617655782208 1.9604617655782208e+00 2.0295423808038255 2.3263695609948796   
163 1467 0.031221276800898593 660.7698229506309 1.9552092108194108 1.9552092108194108e+00 2.024061522549867 2.109608566716774   
164 1476 0.04510565136610045 708.6016424596883 1.9000653083399883 1.9000653083399883e+00 1.9949357333170479 2.4400609736868932   
165 1485 0.05175039428805978 739.937094840265 1.9000653083399883 1.9321057741422938e+00 2.2019746647140934 2.62745243498925   
166 1494 0.05337267535074076 654.3750407663997 1.9000653083399883 1.9366280668020535e+00 2.1443041483156566 2.6117491550483876   
167 1503 0.05601200896652005 646.1860472067003 1.9000653083399883 2.0376726776127230e+00 2.186056056690594 3.4204631900579754   
168 1512 0.04928240451124276 658.7821247841591 1.9000653083399883 1.9396743446868130e+00 2.4004451939302647 5.61536749245881   
169 1521 0.04492376450809097 654.8941308511771 1.9000653083399883 1.9522085403776501e+00 2.0191849313976693 2.320796118196652   
170 1530 0.04364442790821756 703.6709420273609 1.9000653083399883 1.9773541014973546e+00 2.019641228397037 2.855611388645131   
171 1539 0.03686986217107065 745.5689449069658 1.9000653083399883 1.9452907640743087e+00 2.001953903407408 2.0366933990925387   
172 1548 0.03312485387922748 727.523660932524 1.9000653083399883 1.9303309582757344e+00 1.9735537493253452 2.093737563315397   
173 1557 0.03037720251633799 751.3632071489341 1.9000653083399883 1.9003397400461532e+00 1.9571658934459708 2.0434750141935227   
174 1566 0.03248248885756883 743.56002630221 1.8774149789757628 1.8774149789757628e+00 1.9364444850999383 2.020941311569217   
175 1575 0.03296352380161464 786.2180285680643 1.8769385433540775 1.8769385433540775e+00 1.9137168223445231 2.005587227319583   
176 1584 0.03147332268817878 858.5933170896874 1.874307091976282 1.8743070919762821e+00 1.9138623011704217 2.0004403537805313   
177 1593 0.029962368806198295 894.00758644182 1.8730670903800752 1.8730670903800752e+00 1.8892526030854762 1.9935738958653328   
178 1602 0.027360303546135303 896.4236852793597 1.871149162646253 1.8711491626462531e+00 1.908261744364004 1.9991180673967897   
179 1611 0.02673024832785788 943.7004435839607 1.8665859914205318 1.8665859914205318e+00 1.9160856190672428 1.9690886896214517   
180 1620 0.02677127019637906 959.3268470749442 1.8665859914205318 1.8764973898813191e+00 1.9054261211722519 1.9653757273274748   
181 1629 0.025317976941004242 939.5902946720057 1.8663574928497986 1.8663574928497986e+00 1.894790076557355 2.0517997619494284   
182 1638 0.02402489539894176 956.1851881085997 1.8613890696859685 1.8613890696859685e+00 1.8820752115215522 2.0523836145476198   
183 1647 0.021672481723868917 1033.316693581295 1.8613890696859685 1.8615680550175218e+00 1.8743607687047794 1.9518447249843593   
184 1656 0.022327764583544647 998.4844799757994 1.8503349019143958 1.8503349019143958e+00 1.8706207483537787 1.9145516508501914   
185 1665 0.02504258916551641 1028.3299972528446 1.8503327682890962 1.8503327682890962e+00 1.861473119725606 1.9036703979138478   
186 1674 0.022860028167126963 1093.498505433562 1.8458994550234782 1.8458994550234782e+00 1.8721214448000698 1.8974466293909524   
187 1683 0.02153193431699232 1135.4365142782167 1.8458994550234782 1.8470843922302409e+00 1.8660223627037091 1.9461516308997506   
188 1692 0.021212292670974717 1058.9289375259316 1.8458994550234782 1.8460078460075162e+00 1.8589637828035723 1.9656135790636324   
189 1701 0.021873335178634067 1011.1242852782117 1.8371934333731668 1.8371934333731668e+00 1.8488940493016552 1.8741730963985346   
190 1710 0.02216061261220992 1030.7867730162648 1.8371934333731668 1.8378227540631948e+00 1.851962358419068 1.8915245846541322   
191 1719 0.02422565968718654 1011.5136164664174 1.8371934333731668 1.8400834578828826e+00 1.8533607441433364 1.8758909719813008   
192 1728 0.023100341445747016 989.4110307857653 1.8328441021290771 1.8328441021290771e+00 1.8565702037431873 1.8746244897207975   
193 1737 0.022403790144608405 1085.7873816299677 1.8249548879858843 1.8249548879858843e+00 1.837718254919083 1.8574449864375462   
194 1746 0.020717076882469886 1163.9613777885409 1.8241891026771102 1.8241891026771102e+00 1.8375044964365463 1.8503569891561686   
195 1755 0.021531462725586387 1174.941888364879 1.8191045852291485 1.8191045852291485e+00 1.833190056887025 1.8699376803749166   
196 1764 0.022104037316230445 1156.2982032096816 1.8104761816389778 1.8104761816389778e+00 1.829259046026398 1.8476406124440596   
197 1773 0.023214321479174616 1175.31943316851 1.8102681462841816 1.8102681462841816e+00 1.8276995698155603 1.8527303430901036   
198 1782 0.02727340438783169 1109.768814438592 1.8016943485251928 1.8016943485251928e+00 1.8171444677075588 1.842936476173571   
199 1791 0.03179346304779383 1086.4168343343626 1.7978647667197192 1.7978647667197192e+00 1.8181878244431666 1.9047566052239226   
200 1800 0.032857781622937045 1132.277622912931 1.7845485888310182 1.7845485888310182e+00 1.8139608625009165 1.889378776791847   
201 1809 0.03004452885561531 1142.2781447252269 1.7845485888310182 1.7979194468549713e+00 1.8196978612206864 1.8928322323867088   
202 1818 0.030362940297008794 1113.1657456297708 1.7737724143461155 1.7737724143461155e+00 1.8302833390063178 1.8538279578816992   
203 1827 0.0334158110055879 1084.435087334017 1.7737724143461155 1.7769900115493908e+00 1.795720495314662 1.830362043113294   
204 1836 0.036775322346293236 1076.0572322790183 1.7737724143461155 1.7781679367682754e+00 1.7991371269425855 1.8425095189479466   
205 1845 0.041090455360655136 1016.2334035676009 1.7612439391027994 1.7612439391027994e+00 1.7874913216386912 1.8149997576430374   
206 1854 0.04598671987902914 1043.411319989215 1.7505879605116565 1.7505879605116565e+00 1.784835964109059 1.882665862529138   
207 1863 0.051845935612282686 1008.4114836564291 1.734204074018749 1.7342040740187490e+00 1.7842374181596337 1.8554337830503316   
208 1872 0.060374276501878175 949.1731720706288 1.734204074018749 1.7455839684830847e+00 1.7817633180024874 1.9001504681449708   
209 1881 0.05767034298938881 899.923058678733 1.734204074018749 1.7595312836539942e+00 1.805332803510621 1.9361191626229597   
210 1890 0.05870733398993721 875.9530509846842 1.734204074018749 1.7396927782302389e+00 1.787358205480489 1.8176871205966938   
211 1899 0.0571074672944151 882.723873026797 1.7266851512284438 1.7266851512284438e+00 1.7611704019726355 1.901789395271151   
212 1908 0.05733250925181911 883.7845536585031 1.7170896123597346 1.7170896123597346e+00 1.8091738630068277 1.968142607248939   
213 1917 0.05095160548042019 862.9540602745302 1.7053132729663665 1.7053132729663665e+00 1.792093694148805 1.9600809758096707   
214 1926 0.04652180370009749 923.4806929192301 1.7053132729663665 1.7288707048798322e+00 1.741041010244139 1.7989228846167515   
215 1935 0.05013816396485222 893.5366159504574 1.6974250136456897 1.6974250136456897e+00 1.7236692807601133 1.9166506502410137   
216 1944 0.05595428099967207 912.3270062300236 1.6974250136456897 1.7163451990090868e+00 1.7402600096895955 1.8888379209822852   
217 1953 0.05584155814174548 1029.2926792255612 1.6974250136456897 1.7101334080701314e+00 1.733460561533186 1.8275926298211043   
218 1962 0.05914932422861512 1068.3836983867122 1.6778886601432363 1.6778886601432363e+00 1.7139729302456637 1.8616344217722154   
219 1971 0.06454574910731893 1083.7159111240637 1.6717516439161755 1.6717516439161755e+00 1.6939317512020866 1.8040133887121188   
220 1980 0.059348513446348256 1040.9933191397072 1.6700480775748896 1.6700480775748896e+00 1.720341015110711 1.8687753284036888   
221 1989 0.05348940902839588 943.8322514233924 1.6700480775748896 1.6754203577421158e+00 1.7086606265558042 1.7743082375188206   
222 1998 0.048185339397285566 946.2924332523928 1.6615653490289826 1.6615653490289826e+00 1.6895657806243776 1.7590269741911357   
223 2007 0.04913748290397848 894.252996778128 1.644898810435294 1.6448988104352940e+00 1.682675985918941 1.7438047002798187   
224 2016 0.05779737527576187 911.1601660118249 1.636811053995933 1.6368110539959331e+00 1.6639304842035298 1.7007886671472645   
225 2025 0.05718827208843534 832.0153330336846 1.636811053995933 1.6369797004979545e+00 1.6960778382288282 1.7316844740073358   
226 2034 0.059903670573467946 835.8359504976527 1.6209372894889507 1.6209372894889507e+00 1.6733341457478588 1.8061267299271202   
227 2043 0.06413073783746226 856.5402059449106 1.6189545584139686 1.6189545584139686e+00 1.6525883946496676 1.7310512854614861   
228 2052 0.07229537449395934 904.2561875230044 1.611966363388202 1.6119663633882020e+00 1.642696453419765 1.7008614730530442   
229 2061 0.07109725630033564 940.1916740710053 1.6086657522941892 1.6086657522941892e+00 1.659543462666251 1.7427697062040994   
230 2070 0.07028857318014663 925.2395793781046 1.6086657522941892 1.6135869407471159e+00 1.6816043324385095 2.258386660055475   
231 2079 0.06718005784029767 890.3823276861823 1.6086657522941892 1.6124705123148557e+00 1.6809420459018882 1.8551685232076425   
232 2088 0.06497378249875994 872.9718228050743 1.596720244365131 1.5967202443651309e+00 1.6597633329510568 1.8875414270343036   
233 2097 0.06782598868818546 888.3598605044501 1.596720244365131 1.6200314905523032e+00 1.6581636036506313 1.710347885955125   
234 2106 0.07193206242089994 856.0482187750923 1.5946978718470914 1.5946978718470914e+00 1.6384403761515953 1.6947005830967226   
235 2115 0.06935116635507287 954.3376368190493 1.5946978718470914 1.5959715164483235e+00 1.6708217540827004 1.7773701333549115   
236 2124 0.0683468072080325 1091.300669105923 1.590857202170248 1.5908572021702481e+00 1.6148779644650522 1.6985811801432404   
237 2133 0.06047175184355276 1064.5947283821756 1.5904475666892104 1.5904475666892104e+00 1.6025584966344308 1.6880276098330986   
238 2142 0.055693163193691546 1084.62912472204 1.5841638356401844 1.5841638356401844e+00 1.6209137271945318 1.7463890504693018   
239 2151 0.05081236382086359 1083.8130166267642 1.5752560071625314 1.5752560071625314e+00 1.6155560213695832 1.6344387762385157   
240 2160 0.04476535614527242 1173.0867553410578 1.5752560071625314 1.5754514848297028e+00 1.591651046602494 1.6701460129063213   
241 2169 0.03800979735363774 1165.4760228129865 1.5752560071625314 1.5760895039249168e+00 1.5876948315432833 1.6095740787124118   
242 2178 0.03569008411754902 1181.129504103069 1.565993661158425 1.5659936611584251e+00 1.5814443519304213 1.6036849846229353   
243 2187 0.0320113362014597 1174.6741039842302 1.565993661158425 1.5679211821478940e+00 1.5766639053175304 1.590760435247774   
244 2196 0.03129914789462429 1143.7082873627612 1.565993661158425 1.5680288741232769e+00 1.5734578533441448 1.5799170722904516   
245 2205 0.03968463709886538 1064.0335543599208 1.5562088511404784 1.5562088511404784e+00 1.565194196355992 1.5761783235242477   
246 2214 0.05489246790383402 1042.4629576294599 1.5450571628855094 1.5450571628855094e+00 1.5614924873270746 1.6074352720062235   
247 2223 0.06538458210353033 1149.6260625652342 1.5450571628855094 1.5462620185004734e+00 1.5526919575617304 1.570854379103376   
248 2232 0.08211799815211135 1158.6306567659583 1.5226385098282078 1.5226385098282078e+00 1.5557407925476077 1.5710753792749577   
249 2241 0.08882087503157944 1216.9798020449914 1.5226385098282078 1.5349975823057613e+00 1.556554549158395 1.6192030547583733   
250 2250 0.0846317874763749 1207.957490996613 1.5226385098282078 1.5371252757326952e+00 1.5667490699766162 1.6816171194044056   
251 2259 0.07423511347437281 1250.972872118177 1.5226385098282078 1.5481757060188037e+00 1.5792699357703157 1.734096563814229   
252 2268 0.07524598430134101 1253.4532453905354 1.5226385098282078 1.5369251464775935e+00 1.5583703067237198 1.8426131988700751   
253 2277 0.07219105105601385 1364.4836238586934 1.5226385098282078 1.5258685697321357e+00 1.5546337641223762 1.5778864800937384   
254 2286 0.0763145667775396 1330.1010886073452 1.5170124653899935 1.5170124653899935e+00 1.5443857350943702 1.5675519140619603   
255 2295 0.07972002239536351 1306.5098561901925 1.5009545889624556 1.5009545889624556e+00 1.5248696642362187 1.5643344762086921   
256 2304 0.0787760664493887 1230.2455323418067 1.5009545889624556 1.5017061632793933e+00 1.5176168259632719 1.567222724926331   
257 2313 0.07892946179761151 1186.4882061040917 1.4967729929046452 1.4967729929046452e+00 1.524735773692677 1.5987750384503472   
258 2322 0.07696344990704561 1212.0692417229116 1.4967729929046452 1.5020886907560449e+00 1.519873085519757 1.5470542209184457   
259 2331 0.07307072973702095 1305.1397069091588 1.4938903305533457 1.4938903305533457e+00 1.5248770767146211 1.5550581925900175   
260 2340 0.07081631824145511 1260.7189895892614 1.48107535868193 1.4810753586819301e+00 1.5064207662181213 1.5201189133196205   
261 2349 0.0770001397365756 1320.4759619507329 1.48107535868193 1.4870921419698329e+00 1.4953181845617733 1.5135649788235241   
262 2358 0.08423149745140318 1307.5981459533061 1.48107535868193 1.4875782513994691e+00 1.5074595982244041 1.5343977800895923   
263 2367 0.0910957114008987 1337.8650534418246 1.4651738776291716 1.4651738776291716e+00 1.4949572164684055 1.537743951998521   
264 2376 0.10559925871431265 1249.707411292312 1.4482082694792549 1.4482082694792549e+00 1.4926481652573484 1.5198207647737365   
265 2385 0.11676818089346098 1154.223766509242 1.4482082694792549 1.4601343830682705e+00 1.489277312516082 1.5635501082019303   
266 2394 0.11947931595450276 1138.455643042741 1.4408158298422937 1.4408158298422937e+00 1.4881239325912858 1.5855930714635247   
267 2403 0.11652235107712261 1138.9691449777963 1.4408158298422937 1.4491245563402151e+00 1.4621230501152698 1.7852200165422054   
268 2412 0.12289762582150116 1116.2864920286506 1.4408158298422937 1.4516068374424771e+00 1.4718335609839464 1.5190929524803898   
269 2421 0.13128379942776117 1034.9371198527595 1.430219713169679 1.4302197131696790e+00 1.4710835623690532 1.4996928847792703   
270 2430 0.14073520774045176 1014.7316612021204 1.4232962684093948 1.4232962684093948e+00 1.476985901242339 1.6588470465449714   
271 2439 0.13218878633719833 998.3366250157658 1.4232962684093948 1.4319334525600846e+00 1.465111910854503 1.5690950980547806   
272 2448 0.13634869964283036 1040.4410128498978 1.416320179292389 1.4163201792923890e+00 1.4377823637837979 1.486145934654331   
273 2457 0.13964506448420808 1065.051394976263 1.4025869293463264 1.4025869293463264e+00 1.4446143895581467 1.510418581482933   
274 2466 0.1411669024704483 1028.8262791701202 1.385379576141204 1.3853795761412040e+00 1.4117036504568965 1.460591717381737   
275 2475 0.14915363569719436 1110.5739953548252 1.3741694493568957 1.3741694493568957e+00 1.413370671602788 1.5095564254150469   
276 2484 0.14815874196844528 1077.953777382175 1.3689626134400028 1.3689626134400028e+00 1.4228959143395454 1.5165851092280387   
277 2493 0.15490564731005513 977.5379086286083 1.3689626134400028 1.3711269019829637e+00 1.4081246195109776 1.461946845750265   
278 2502 0.1764449034253174 1048.5498130599228 1.3557245321043188 1.3557245321043188e+00 1.4212962170464494 1.454690996467541   
279 2511 0.19726126340929295 1103.201836891557 1.3314208975034167 1.3314208975034167e+00 1.456563412355126 1.5288850306132622   
280 2520 0.1982846668388792 1119.2161884638228 1.3314208975034167 1.3411930480861565e+00 1.4449769028245794 1.5382993120167463   
281 2529 0.1865880869959685 1030.2095145263568 1.3314208975034167 1.3409956621679098e+00 1.4136719342905264 1.7561120984602248   
282 2538 0.1639890475607387 995.1788672406984 1.3314208975034167 1.3489353715460586e+00 1.3818518046021344 1.5372485140223797   
283 2547 0.14229724913873 1027.459607895195 1.32222146163213 1.3222214616321299e+00 1.3680405068383765 1.4455151971809732   
284 2556 0.1262883460325936 1031.6201288949626 1.3199374727413469 1.3199374727413469e+00 1.3640396999267885 1.4349590474096967   
285 2565 0.11131972803632716 1047.2867682339763 1.3186752946560247 1.3186752946560247e+00 1.3542780493304296 1.3867144529753042   
286 2574 0.11163349129533048 1068.7016689177135 1.3000601817156703 1.3000601817156703e+00 1.336597370108791 1.3567810770739221   
287 2583 0.13086852875187088 1087.0220368503797 1.2926555310463848 1.2926555310463848e+00 1.3197515515383003 1.4038835074436988   
288 2592 0.14770777392755888 1159.3554618373325 1.2895250272751446 1.2895250272751446e+00 1.3257978105878987 1.411202213855179   
289 2601 0.16034194683451827 1206.6351460390333 1.2891649278097985 1.2891649278097985e+00 1.2976557576065106 1.3293708756045532   
290 2610 0.15237629847226783 1253.17013882895 1.2807585988171728 1.2807585988171728e+00 1.3598796781168847 1.3841001498136583   
291 2619 0.16737707076687516 1269.805691917863 1.280103633803089 1.2801036338030889e+00 1.3174717435083005 1.4153261702008542   
292 2628 0.18741870195266044 1365.103024365118 1.2599644502372105 1.2599644502372105e+00 1.3252555392538563 1.3609382099337453   
293 2637 0.1756135330298341 1342.7482062394054 1.256050938798661 1.2560509387986609e+00 1.3179331193482546 1.386510841787298   
294 2646 0.18962908756884683 1390.8702625107107 1.2436722778325 1.2436722778325000e+00 1.2846419611842468 1.3882810047007585   
295 2655 0.19150349414140058 1344.3201286614055 1.2436722778325 1.2515383272489073e+00 1.2824310955516836 1.4043634740805349   
296 2664 0.18423303256672485 1393.7228442217677 1.2436722778325 1.2515995077536826e+00 1.2858318964064894 1.3260169270717344   
297 2673 0.17567677058076656 1359.8424524599793 1.2233790184382503 1.2233790184382503e+00 1.2754712876403245 1.3435308821550829   
298 2682 0.1418986762646599 1258.1909015792262 1.2233790184382503 1.2287102963188266e+00 1.2607098684290834 1.4656339338963158   
299 2691 0.12866645580418973 1280.0898907084534 1.2233790184382503 1.2342929823807871e+00 1.2505401984422913 1.2918917052432843   
300 2700 0.11240140925994595 1242.9866607158858 1.2233790184382503 1.2235213073634497e+00 1.2461564724986383 1.2644644605431603   
301 2709 0.10771070011664666 1228.5487123402606 1.2187442663903634 1.2187442663903634e+00 1.2334733258695676 1.2629629584598867   
302 2718 0.09536051875061395 1210.7694580832174 1.2149360661357655 1.2149360661357655e+00 1.234335296649863 1.2443024440125332   
303 2727 0.09369277292998333 1321.098815494875 1.2111487544536714 1.2111487544536714e+00 1.225148806524594 1.2433243508517815   
304 2736 0.09102817191990299 1233.179067159382 1.2107692264807723 1.2107692264807723e+00 1.2233448169351697 1.2396517642706493   
305 2745 0.09816343354186031 1187.0421638547568 1.203613630410439 1.2036136304104390e+00 1.2171027514998431 1.2218409783883122   
306 2754 0.1079676446104458 1076.6053917121437 1.1990913448384377 1.1990913448384377e+00 1.2065921402296735 1.2270350789443436   
307 2763 0.12575920840039514 999.1561630356672 1.192297106530181 1.1922971065301811e+00 1.2088134114565403 1.2180622878564782   
308 2772 0.1384841036333228 1054.4691349477946 1.1843742703910007 1.1843742703910007e+00 1.2128402474413011 1.2312357972899122   
309 2781 0.14259551383438004 1086.2493702488578 1.1789611942318132 1.1789611942318132e+00 1.2168698205887845 1.2544330417561829   
310 2790 0.1625549534659273 1041.8287811004489 1.1672926157749808 1.1672926157749808e+00 1.1916341942786721 1.2117719883827103   
311 2799 0.1676003987097712 1084.9462195836932 1.166401315795036 1.1664013157950359e+00 1.1815019549073578 1.213854296430794   
312 2808 0.2027321798995143 1134.6268239168833 1.1662459451969673 1.1662459451969673e+00 1.197213914418292 1.3062218919420323   
313 2817 0.2128996380912806 1134.1127191635599 1.1658752418064695 1.1658752418064695e+00 1.206373438143442 1.2399755500891192   
314 2826 0.20350793183840377 1114.5091546351155 1.1539889967955155 1.1539889967955155e+00 1.1820819095504647 1.2449053148456055   
315 2835 0.18601346273272623 1189.4046509964826 1.1396154103989984 1.1396154103989984e+00 1.1857428255799332 1.2142756444928562   
316 2844 0.1877612233004589 1208.0176667321518 1.1355097705835164 1.1355097705835164e+00 1.1683644437873197 1.198211643162543   
317 2853 0.19562480531745674 1186.6221442910582 1.1355097705835164 1.1408625710606661e+00 1.1573297585116586 1.1898221400195876   
318 2862 0.208114575601153 1138.678979970614 1.1355097705835164 1.1371286256576838e+00 1.1672390495960387 1.2170386458447113   
319 2871 0.21564945278432224 1191.4286023509778 1.11796211700935 1.1179621170093501e+00 1.2059559526643755 1.2730265594320331   
320 2880 0.23416505643699087 1259.7389823690587 1.1123464209674185 1.1123464209674185e+00 1.1396591255413089 1.177000778547554   
321 2889 0.23669941441712977 1251.6628634518624 1.1045884914568531 1.1045884914568531e+00 1.1386391187156644 1.1879021118981072   
322 2898 0.25104768753146117 1297.4060161501586 1.0939499484642758 1.0939499484642758e+00 1.1489281336100252 1.2197041505303963   
323 2907 0.27996002408363424 1159.9404649014277 1.0744112722329386 1.0744112722329386e+00 1.1356369206253898 1.2463768096802181   
324 2916 0.28684675762837086 1145.629171856586 1.0744112722329386 1.0821673831517269e+00 1.1645541747223354 1.401332353632433   
325 2925 0.31120325548292443 1108.2628615946649 1.0718257777017945 1.0718257777017945e+00 1.1075028675371712 1.2899372278162273   
326 2934 0.37112904068703095 1173.849090628744 1.0659315406844934 1.0659315406844934e+00 1.1330246295424062 1.5501214444404146   
327 2943 0.3688284927667726 1176.986834801712 1.05166278121837 1.0516627812183701e+00 1.0914404316112263 1.2376452667864248   
328 2952 0.33004787412031383 1222.4488617393754 1.0465270713592816 1.0465270713592816e+00 1.1060864281338847 1.238168692426289   
329 2961 0.29721022337511577 1306.404042215823 1.0465270713592816 1.0512560771289432e+00 1.1154351558345195 1.5250008968684095   
330 2970 0.30925886958697374 1340.5219781299443 1.0263609659318746 1.0263609659318746e+00 1.0960893320820089 1.2171642796943245   
331 2979 0.2983081589428257 1313.0751465376838 1.0190671656835677 1.0190671656835677e+00 1.0701853335467448 1.1085184411601705   
332 2988 0.27430852045528603 1370.1022363150366 1.0190671656835677 1.0270993701355684e+00 1.0573029953269144 1.3608894514890064   
333 2997 0.25329464123467893 1362.6121556789626 1.0190671656835677 1.0305355080857841e+00 1.056439322106813 1.1523187444248364   
334 3006 0.2502847771900511 1331.7473010610795 1.0190671656835677 1.0258700584156186e+00 1.0386201734252374 1.1456913558739537   
335 3015 0.27610865085942843 1324.7556696632425 1.000593620208141 1.0005936202081409e+00 1.0385921444259054 1.1198944106682882   
336 3024 0.2868606967572082 1269.3408740775276 1.000593620208141 1.0048034638065220e+00 1.0329977079283166 1.060203208475938   
337 3033 0.24744475097894317 1304.4367061944095 1.000593620208141 1.0105291777445395e+00 1.0557167274678416 1.1245753318867868   
338 3042 0.24569118053419242 1333.93560467675 1.000593620208141 1.0044219666853789e+00 1.0259063008096727 1.0847280853823937   
339 3051 0.21503337462946337 1313.7449473137885 0.9972020359661609 9.9720203596616086e-01 1.0177246848171562 1.0648171410616627   
340 3060 0.1978289389490559 1200.154737465127 0.9938339260176265 9.9383392601762655e-01 1.0055288189184612 1.0939825782846175   
341 3069 0.20436156842302888 1274.9747001498145 0.979230475656995 9.7923047565699495e-01 0.9890222751811601 1.0005681922833098   
342 3078 0.22338291688680398 1312.837234713698 0.979230475656995 9.8151647322534952e-01 0.9975474467692287 1.0671468284821763   
343 3087 0.22051799714925394 1344.523975775436 0.979230475656995 9.8217984333765851e-01 0.9993764665348495 1.0196115164407638   
344 3096 0.23760369778187101 1380.6029678905757 0.9643376410998804 9.6433764109988040e-01 0.985344169734063 1.0227751383720987   
345 3105 0.2247026084908512 1502.985020963378 0.9643376410998804 9.6702164292048720e-01 0.9775021640799322 1.016030436740296   
346 3114 0.2261891838244275 1503.0523034557937 0.9643376410998804 9.6602770093744839e-01 0.9778214011127017 1.0010604858725691   
347 3123 0.21914944904050213 1339.8158624967618 0.9594892212616192 9.5948922126161917e-01 0.992199574637216 1.02662328665096   
348 3132 0.2571444833060262 1404.5011666600153 0.9410923649552588 9.4109236495525883e-01 0.9587818342626194 0.9642540985860426   
349 3141 0.30916694875522505 1399.7558788370745 0.9382522882695765 9.3825228826957652e-01 0.9628414681665316 0.9811591469184473   
350 3150 0.37577542488206506 1447.3824397754972 0.9085818753744935 9.0858187537449353e-01 0.9577113509090984 1.2096183122146011   
351 3159 0.4397273292962043 1467.2734642414177 0.8954101779992565 8.9541017799925648e-01 0.9637259563254453 1.033055972890363   
352 3168 0.5410131173784734 1499.3951320054202 0.8954101779992565 9.0313717661520510e-01 0.9563144835375789 1.0758572913096651   
353 3177 0.5940596846220814 1505.6796944109644 0.8954101779992565 9.5257811006533943e-01 1.0253204838309549 1.2073414283960644   
354 3186 0.637032881207526 1332.975947588059 0.8318114166734342 8.3181141667343417e-01 0.9254521788599586 1.0438268169487728   
355 3195 0.650346478403353 1301.2480956523887 0.8318114166734342 9.3841920793439737e-01 1.0597767209724795 1.48574622005924   
356 3204 0.6494974016279715 1263.5978756738555 0.8318114166734342 8.5895573936603176e-01 1.0102914066305198 1.4545330242234653   
357 3213 0.699702463791139 1190.9177034830611 0.7902097524307741 7.9020975243077407e-01 1.0705146888430526 2.1930296957881814   
358 3222 0.6380011013620842 1232.564085700136 0.7902097524307741 9.6827550228228909e-01 1.0445293529229172 1.9007860969025683   
359 3231 0.604822150603524 1131.4275132777457 0.7902097524307741 8.0863889377412734e-01 0.9461710657622506 1.6605736197984582   
360 3240 0.5686241421662885 1089.0302909818056 0.7902097524307741 8.0420489337825996e-01 0.9574585257826184 1.424519087923076   
361 3249 0.571044512823072 1127.1489026551533 0.7902097524307741 8.3712606841530823e-01 1.0534968872623531 1.3565631414804917   
362 3258 0.5081011525656622 1153.6722084419353 0.7902097524307741 8.0745976394691454e-01 0.8810395891975489 1.1172934397499124   
363 3267 0.484296417633215 1103.8051367830872 0.7902097524307741 7.9396328554122064e-01 0.8751153243365369 1.1246826390789604   
364 3276 0.4031261431707436 1111.736842321306 0.7902097524307741 8.1229956676616977e-01 0.8974964145624388 1.3857542510630987   
365 3285 0.3351350761981613 1024.1766536193834 0.7902097524307741 8.0481176471561700e-01 0.8461994432807961 1.0363176955261884   
366 3294 0.335864763192525 1055.6318256598388 0.7824755757400473 7.8247557574004734e-01 0.8043482080481008 0.9190549781489512   
367 3303 0.40741351652436975 1125.190069047467 0.7795261469213326 7.7952614692133260e-01 0.8078812824834136 0.8712718019885587   
368 3312 0.48021131847053355 1150.297052501901 0.7575147876840131 7.5751478768401315e-01 0.7912084610021332 1.1181800083395348   
369 3321 0.5236134126585503 1165.8280815188045 0.75734497119574 7.5734497119573996e-01 0.7850189541879722 1.0008815113356886   
370 3330 0.5450065658645455 1130.0574745018753 0.7421388727492775 7.4213887274927748e-01 0.877707091916001 1.2065354222539881   
371 3339 0.46159742921930497 1089.0742162502288 0.7421388727492775 7.6142246184231133e-01 0.8021319872886258 0.8614694367163218   
372 3348 0.4085518832789991 1088.344097456886 0.7421388727492775 7.4974616338852718e-01 0.7890075049734958 1.1080147771421964   
373 3357 0.4375121266293637 1071.625180431035 0.7248514302279819 7.2485143022798193e-01 0.7614807437256815 0.8787938033981598   
374 3366 0.4516607964451366 1031.7881672305602 0.709722109764581 7.0972210976458106e-01 0.7514592570577575 0.806340831954656   
375 3375 0.4556514975434844 1076.1179062452666 0.704360683563691 7.0436068356369097e-01 0.7577848022975268 0.9549633983593533   
376 3384 0.4696545427807571 1083.1790307119772 0.7018723959513951 7.0187239595139506e-01 0.7324111425485228 0.806990113966933   
377 3393 0.46401260880710415 1096.5594905951514 0.7018723959513951 7.1072546606875631e-01 0.7337546454321946 0.8328238412038049   
378 3402 0.4166237564085973 1139.7213609171313 0.6947044536643897 6.9470445366438971e-01 0.7380820810648345 0.8748610124960503   
379 3411 0.3851315944995408 1157.719804967074 0.6845291840664517 6.8452918406645169e-01 0.7108747137483927 0.8742107540227576   
380 3420 0.34460415626126095 1197.1099804885032 0.6845291840664517 6.8824851363363460e-01 0.7095937904434066 0.7399904596550316   
381 3429 0.33772926374401074 1185.0792556963245 0.67265332649981 6.7265332649981002e-01 0.6900927379882656 0.7461784841046798   
382 3438 0.3568394573839557 1205.5442468279107 0.67265332649981 6.7445073360155450e-01 0.690631232362067 0.7566537143335659   
383 3447 0.3293286306304166 1222.4200102838795 0.67265332649981 6.7409742671123529e-01 0.6834932472677385 0.7434126691770695   
384 3456 0.3373187567679765 1140.3818885212083 0.6582657601623821 6.5826576016238214e-01 0.6854490934151068 0.7161918782147341   
385 3465 0.37028884973125464 1120.9410671613164 0.6560099842318223 6.5600998423182233e-01 0.6750640499894688 0.7452957623470591   
386 3474 0.4034483124060638 1108.6577603510216 0.6560099842318223 6.6313803926310122e-01 0.6669872403617071 0.7163950894665143   
387 3483 0.4388078480072499 1205.9061350076029 0.6560099842318223 6.6352233249620796e-01 0.6952034021609308 0.7620203185789616   
388 3492 0.4716840279199605 1355.9643978454235 0.6520203541664367 6.5202035416643667e-01 0.6709182435585778 0.736843559719201   
389 3501 0.5537256073343227 1324.3572353625127 0.640934162753744 6.4093416275374404e-01 0.6798028413132435 0.7162286795931377   
390 3510 0.5894041385054232 1212.4748763085356 0.6373362145078403 6.3733621450784028e-01 0.6913132196309535 0.7566821068290207   
391 3519 0.6448578759694585 1147.9272923092497 0.618772274606117 6.1877227460611695e-01 0.6628260954623582 0.8082361592047276   
392 3528 0.6475525245367241 1187.7933141758322 0.618772274606117 6.3231459680197011e-01 0.655955932024879 0.770861567478141   
393 3537 0.6092785422690332 1367.9025777948498 0.618772274606117 6.2890620601914626e-01 0.6646632318905986 0.762972973560342   
394 3546 0.5397596384115224 1300.5327125634085 0.618772274606117 6.3221879646968493e-01 0.6620051055568787 0.7159440943685405   
395 3555 0.5347131212679742 1294.1709940003402 0.6043215871457382 6.0432158714573825e-01 0.6440090689745808 0.6857323446063569   
396 3564 0.6172341262996455 1119.8269163808109 0.5920980229371674 5.9209802293716740e-01 0.6208447964115374 0.6484723572476718   
397 3573 0.5947771166838938 1065.0015167043764 0.5920980229371674 6.0701909440591650e-01 0.6312883765184131 0.6548310174960359   
398 3582 0.5628768263547231 1016.7883643190651 0.5920980229371674 5.9986547489695952e-01 0.6291640785331748 0.8016620652413835   
399 3591 0.5917127887922018 1017.5596154631505 0.5920980229371674 5.9676851968322919e-01 0.6230848495843041 0.8567167739611032   
400 3600 0.687957492442216 995.828920866827 0.5601476815603755 5.6014768156037553e-01 0.662406543223763 0.6832173353660193   
401 3609 0.7120789635467982 976.5377244451652 0.5601476815603755 5.6305478827014133e-01 0.6415982637172187 0.6695819265578012   
402 3618 0.6864183444750067 1094.980464722598 0.5601476815603755 5.6889117820257928e-01 0.6082755411028689 0.8488922028046981   
403 3627 0.7363254210795219 1092.9726931297946 0.5520087782017594 5.5200877820175942e-01 0.5992072468743308 0.6466517397109852   
404 3636 0.7304375350345592 1056.8171118062157 0.5479831788828589 5.4798317888285886e-01 0.5881016358350706 0.7880344197260757   
405 3645 0.6287717154778069 1066.5722784034836 0.5298348111934784 5.2983481119347842e-01 0.5903918707502877 0.7756176001203982   
406 3654 0.6392157946629786 1092.6592768956955 0.5298348111934784 5.4457782186896908e-01 0.5619082071974267 0.5913804019447045   
407 3663 0.6352838923683881 1031.5511213331724 0.5298348111934784 5.5566060619371915e-01 0.5895868487326413 0.6567155908804023   
408 3672 0.5466996626347399 1039.121469196766 0.5298348111934784 5.5674306981370481e-01 0.5801236108551887 0.6778506814989261   
409 3681 0.4749259344429531 1056.3446558222777 0.5298348111934784 5.5229527803768508e-01 0.5622640100859947 0.5912847650905627   
410 3690 0.4385378003348211 1065.434876889318 0.5298348111934784 5.4206395812297814e-01 0.5644641962997327 0.6076541728261229   
411 3699 0.4332990172091125 1138.5485923410313 0.5298348111934784 5.3216614892168901e-01 0.5446236097563028 0.5780143997448762   
412 3708 0.4292039758932207 1186.2186873214227 0.526085889459895 5.2608588945989498e-01 0.542188663099674 0.6031245232093708   
413 3717 0.46545544684793344 1190.425824736907 0.5208463087308779 5.2084630873087789e-01 0.5465902255076125 0.5693192904724238   
414 3726 0.5464244153750559 1173.4539337979738 0.5080483831806953 5.0804838318069534e-01 0.5313455649207094 0.560329032250507   
415 3735 0.6170903408936433 1173.245588824712 0.5031700171669204 5.0317001716692045e-01 0.5322133663249408 0.5704708759155294   
416 3744 0.62874993291379 1174.4183384018281 0.5031700171669204 5.0644650789604462e-01 0.5528459219572605 0.5721411068406637   
417 3753 0.6646428723564813 1166.8204214476764 0.4884148769651497 4.8841487696514968e-01 0.5100093710053889 0.5531926105785462   
418 3762 0.7660757536017193 1191.5485731529927 0.4774518849883205 4.7745188498832047e-01 0.49996285963853077 0.5877519799772399   
419 3771 0.7664355854368607 1185.0444384159355 0.4774518849883205 4.8658023399427697e-01 0.5146486674905526 0.6943518943142434   
420 3780 0.7435632081100155 1243.8651210905034 0.4774518849883205 5.0961743566620621e-01 0.5385485268311779 0.5591111232308449   
421 3789 0.8641005336208273 1147.7019659683847 0.46064983526365155 4.6064983526365155e-01 0.5137652811602148 0.558852083283356   
422 3798 0.8551861358673634 1215.3624981204757 0.45661904397015257 4.5661904397015257e-01 0.4945963394516981 0.5660754748271033   
423 3807 0.9756470539905896 1148.048345050747 0.43731036310683596 4.3731036310683596e-01 0.5118467900867574 1.0922251550679465   
424 3816 1.1263891480157175 1168.1090792259665 0.4311206983685858 4.3112069836858580e-01 0.543862154404193 0.739688879337014   
425 3825 1.1896106916803508 1138.034906064933 0.42519751814836554 4.2519751814836554e-01 0.4964492404031752 0.6510897359272187   
426 3834 1.1864948297950797 1163.2684028128772 0.41055285666964414 4.1055285666964414e-01 0.5586593540508717 0.8288575582729839   
427 3843 1.2161630484031458 1108.8569392534191 0.41055285666964414 4.4443566427682507e-01 0.5054096033308149 0.7876317478382789   
428 3852 1.2180093357296793 1123.3340674978328 0.39985123433557146 3.9985123433557146e-01 0.4676598490813599 1.1262795915860544   
429 3861 1.2183573787848383 1129.0583014896413 0.36883487438400603 3.6883487438400603e-01 0.4588692889987795 0.8068986786704658   
430 3870 1.2501859668203892 1124.3079760797295 0.36883487438400603 4.2660042707133927e-01 0.4792976954078566 0.5931895614095718   
431 3879 1.2401579710508726 1179.4834485848328 0.36883487438400603 4.0648224280072931e-01 0.6673496669481842 0.8473625360002544   
432 3888 1.1393732913508545 1279.61885455103 0.36883487438400603 3.8983161460367260e-01 0.5139480072869907 1.0963075067875823   
433 3897 1.1678287631077835 1355.3383313657507 0.33245066471291335 3.3245066471291335e-01 0.41975088936472116 0.5977836025228664   
434 3906 1.115562823832522 1518.0243690698635 0.33245066471291335 3.8300206807233050e-01 0.444135233642853 0.5586834987046674   
435 3915 0.97851792134812 1544.3626974978852 0.33245066471291335 3.6997028156707168e-01 0.4380789597689459 0.5710044114206408   
436 3924 0.8644747651320223 1521.5821221061094 0.33245066471291335 3.8185451003497084e-01 0.4069460648752951 0.5835567693540737   
437 3933 0.7949490250915516 1469.5936803061206 0.33245066471291335 3.5172394041563526e-01 0.39174596164789705 0.5546426220488804   
438 3942 0.7262042302398254 1459.4712450007448 0.33245066471291335 3.4109804189715864e-01 0.38319200254444535 0.4921641016495392   
439 3951 0.6786788917875134 1468.5702128791158 0.33245066471291335 3.4312591891386990e-01 0.37089263659409955 0.42711873735564626   
440 3960 0.6074816864209369 1511.6687100615682 0.33245066471291335 3.4194590248655926e-01 0.36832446876743963 0.451404079053012   
441 3969 0.5449610961114526 1515.8548672268219 0.33245066471291335 3.4534825160646521e-01 0.35455781656543234 0.38418411260355556   
442 3978 0.5325246826770187 1543.018044497293 0.3305965749842251 3.3059657498422512e-01 0.3515688758736748 0.3796164145322666   
443 3987 0.5180445087409593 1466.2817670353465 0.3305965749842251 3.3255257606158994e-01 0.3388411666760818 0.36350769659082854   
444 3996 0.48712322282045956 1496.7590133304539 0.3305965749842251 3.3171779675600133e-01 0.34633823937542824 0.3597353214690112   
445 4005 0.5143731513792216 1475.9497950393827 0.3266710104981783 3.2667101049817832e-01 0.3383081948055913 0.35401022680358746   
446 4014 0.511454416289497 1620.7148820177101 0.32076888428789335 3.2076888428789335e-01 0.33321544692299226 0.3600257818787593   
447 4023 0.5281205885610547 1591.826239815019 0.31373684224571446 3.1373684224571446e-01 0.33216664044353095 0.33861439496839457   
448 4032 0.5374192654110178 1636.4360806888596 0.30310639022374225 3.0310639022374225e-01 0.3179418084385608 0.34483866409164743   
449 4041 0.5859328007780508 1651.5882804738508 0.2922363727111143 2.9223637271111430e-01 0.3150216276209949 0.3320986994076198   
450 4050 0.6729318597399374 1727.2903061158781 0.2922363727111143 2.9613533714774820e-01 0.303499585482374 0.314407219808937   
451 4059 0.6439396568664882 1773.5419465724476 0.285373504894089 2.8537350489408903e-01 0.31399177055983724 0.3507711974217697   
452 4068 0.702800591162445 1732.4946136118176 0.28073130793187767 2.8073130793187767e-01 0.2917586732043503 0.31031089641636117   
453 4077 0.6721908683270346 1700.5236445307523 0.28073130793187767 2.8393453454146156e-01 0.3031223822261179 0.33359991812615813   
454 4086 0.7164966244298019 1703.3861838778437 0.279578049938999 2.7957804993899898e-01 0.3025078388378861 0.32530761225079086   
455 4095 0.7004135224076903 1678.5979814487557 0.2743766801189705 2.7437668011897048e-01 0.2925057267737543 0.3142019239272142   
456 4104 0.7218036400283135 1698.8037472932062 0.26865050224406883 2.6865050224406883e-01 0.2778701112756958 0.32469623042754586   
457 4113 0.7700205763245974 1667.6546733998885 0.26865050224406883 2.6925597299417281e-01 0.28385084334417815 0.3094922097242425   
458 4122 0.759441893489778 1620.6675477482484 0.26395272961879257 2.6395272961879257e-01 0.2801601836815629 0.321235913441909   
459 4131 0.8779948198334889 1477.70771000508 0.2526175784551333 2.5261757845513327e-01 0.28067086053217644 0.3290194051004988   
460 4140 0.9482169993975138 1485.8905016351812 0.24834917429800607 2.4834917429800607e-01 0.26819576734947526 0.30408679080647666   
461 4149 0.9803034405694548 1427.60233597543 0.24467092910064658 2.4467092910064658e-01 0.27964103279166735 0.3330238591958911   
462 4158 0.8304640373696693 1383.5974127090406 0.24467092910064658 2.5585023968445186e-01 0.28088141786802845 0.3951611958721933   
463 4167 0.6992580573203174 1369.9156519395033 0.24467092910064658 2.5416293223726022e-01 0.26816903677344495 0.29703501071409055   
464 4176 0.7487558817980267 1306.5143974574637 0.24467092910064658 2.4510230382800718e-01 0.2563948674699395 0.2669233313963047   
465 4185 0.7649037306961126 1329.8166967274958 0.23910936466459246 2.3910936466459246e-01 0.26069594960820214 0.27731891178540197   
466 4194 0.9072792697342117 1400.3101499110187 0.22514208845292416 2.2514208845292416e-01 0.24676404924995932 0.27824641095970415   
467 4203 1.0260554257553678 1423.3541139662293 0.2218226742489858 2.2182267424898580e-01 0.23756955515734052 0.27651897368531947   
468 4212 1.1524277517593633 1414.7213335124304 0.21412717053706362 2.1412717053706362e-01 0.2431569740521676 0.30692548301483896   
469 4221 1.197503916363528 1326.5241135807169 0.21412717053706362 2.3497770919540870e-01 0.2761008948339891 0.4530449207414955   
470 4230 1.059702256683518 1358.1370685144402 0.21412717053706362 2.2545020721633283e-01 0.251363758488749 0.3126970263047429   
471 4239 0.920859416212508 1292.91906655532 0.21412717053706362 2.2173286100853193e-01 0.2490172666733228 0.2769920761117283   
472 4248 0.8031580638918212 1307.3207542245805 0.21360576409261625 2.1360576409261625e-01 0.2303834703831225 0.2564217750993139   
473 4257 0.6897945620474901 1339.2219220360757 0.21360576409261625 2.1444350223731501e-01 0.22054742071651431 0.2375265342588415   
474 4266 0.692675174232029 1238.6983587196078 0.20307021176730083 2.0307021176730083e-01 0.2201031348956785 0.2564373889567017   
475 4275 0.8122525826917343 1178.624274792512 0.20307021176730083 2.0353391780725480e-01 0.21106724654000353 0.23929670860618096   
476 4284 0.9389631946563961 1310.1021456041526 0.20307021176730083 2.0773807022507956e-01 0.2169187112446238 0.23846292137033795   
477 4293 0.882711448928732 1240.5528127959492 0.20307021176730083 2.0577403455874752e-01 0.22581895748462574 0.40739455281145676   
478 4302 0.9413412837544145 1236.7745500832461 0.1859570984335589 1.8595709843355890e-01 0.21578292693996765 0.22939087242289682   
479 4311 0.9148698976867292 1194.2525189444862 0.1859570984335589 1.9113597837584240e-01 0.21608221641435402 0.2984340542826868   
480 4320 0.8845594690840445 1143.0835368329458 0.1859570984335589 1.8772696310989870e-01 0.2041004522407787 0.22695584964015342   
481 4329 0.8939278329148083 1120.828992209776 0.1859570984335589 1.9585822975378292e-01 0.21200351258360198 0.2394341938134988   
482 4338 0.8996846658081956 1193.3993119266333 0.18054398651099435 1.8054398651099435e-01 0.19288991767785071 0.23458048388810301   
483 4347 1.1620884118246 1113.67371139926 0.1765254069839895 1.7652540698398950e-01 0.1929780796185651 0.20341045293631976   
484 4356 1.17047633741755 1081.4918183078378 0.16567816636500776 1.6567816636500776e-01 0.18726642749489952 0.22131066907763483   
485 4365 1.1237301683912602 1125.313943672539 0.16483627414076998 1.6483627414076998e-01 0.18220571446794034 0.2633267086600513   
486 4374 1.362532119498739 1129.7621678587782 0.15821366779454757 1.5821366779454757e-01 0.1881547979856662 0.2793036139557275   
487 4383 1.2975932614780057 1028.635904031527 0.15821366779454757 1.6410992967576046e-01 0.1960384631764399 0.2280537555887859   
488 4392 1.2768076156112755 1042.7184993506607 0.14323367305514975 1.4323367305514975e-01 0.17044144858865765 0.25479249313135177   
489 4401 1.3643389252743685 1050.0782748767479 0.14323367305514975 1.5470959563673789e-01 0.1812374066710745 0.21158739263679696   
490 4410 1.4265455314774254 1146.030747204933 0.14323367305514975 1.4915645814447792e-01 0.17233743940750432 0.27892805545894783   
491 4419 1.48387371883081 1240.4355645188448 0.1389410703649647 1.3894107036496470e-01 0.18152975977204866 0.2419551237935819   
492 4428 1.8419967032529698 1209.2873848908453 0.1389410703649647 1.4398447258894362e-01 0.19942950032782908 0.27061147283719506   
493 4437 1.94029598578445 1123.6876699405425 0.1389410703649647 1.3980046966238993e-01 0.18082965032788564 0.30754879720121975   
494 4446 1.8097579658189626 1189.1120311438485 0.1389410703649647 1.4149757915281941e-01 0.1837975707502209 0.3053031369166273   
495 4455 1.5217901113148586 1291.1662060869007 0.1389410703649647 1.4141740063611838e-01 0.2033704282101606 0.22803795461932125   
496 4464 1.4375340234692444 1346.2079813492808 0.13857157005290932 1.3857157005290932e-01 0.1731092120990552 0.2980206724788558   
497 4473 1.370927688504692 1356.9916068550099 0.13309462313016174 1.3309462313016174e-01 0.18194405681810197 0.2314374428486889   
498 4482 1.2570045246204051 1315.5181475373654 0.13309462313016174 1.4495274831822769e-01 0.17603708319080577 0.20970265686495027   
499 4491 1.1165012999904766 1325.246922611862 0.1242258566529584 1.2422585665295841e-01 0.15201966897740446 0.20170148521537848   
500 4500 1.0700338032263672 1337.3680570376312 0.1242258566529584 1.2521114998065019e-01 0.13642189983458408 0.18343739669314327   
501 4509 1.0433630209156268 1312.4823688684196 0.1242258566529584 1.2447839412187560e-01 0.14106725707046844 0.18637359752779048   
502 4518 0.9346954159048596 1316.632213965145 0.12091793698706466 1.2091793698706466e-01 0.1357773036510299 0.14191277004635644   
503 4527 0.9082913613064749 1297.2115389525932 0.12057925835260673 1.2057925835260673e-01 0.12940827987348333 0.21068480507682086   
504 4536 0.7835790132831812 1286.77497480108 0.12057925835260673 1.2097643433826080e-01 0.12695525198874508 0.14181055237794643   
505 4545 0.7194577311431163 1309.4165925917584 0.11877507251040989 1.1877507251040989e-01 0.1291341846880994 0.14006900813803072   
506 4554 0.657256094519972 1347.0968643244737 0.11574002009869588 1.1574002009869588e-01 0.12566495022091131 0.14908496317430522   
507 4563 0.6737486268800996 1329.1019527151525 0.11377371580358589 1.1377371580358589e-01 0.12016768774932506 0.12916995476620932   
508 4572 0.6430899265986981 1261.2495193139875 0.11377371580358589 1.1448648674970358e-01 0.1203334077562891 0.13027271448135339   
509 4581 0.5995847723661639 1143.9220881887125 0.11211049085510978 1.1211049085510978e-01 0.11830529756949171 0.12392586449656795   
510 4590 0.5569652689958003 1180.3199605570014 0.11038701832484722 1.1038701832484722e-01 0.117467800711823 0.11993262612547863   
511 4599 0.5176331520744182 1338.0596186549415 0.10893617280092002 1.0893617280092002e-01 0.11381157180019055 0.11864506832539876   
512 4608 0.5110931871766037 1330.3300473033253 0.10843378248956292 1.0843378248956292e-01 0.11550879163166411 0.12294917517351976   
513 4617 0.5146140248070465 1359.858958393304 0.10821802035963728 1.0821802035963728e-01 0.1115705466463717 0.11700663422438917   
514 4626 0.5109657393800086 1333.5265934201004 0.10658141030275817 1.0658141030275817e-01 0.10995849410278886 0.11429982261251444   
515 4635 0.5737591847395349 1372.3160336041722 0.10587916814202317 1.0587916814202317e-01 0.10893196934557975 0.11422598019599817   
516 4644 0.6348763893737237 1344.1140968422978 0.1044209279725683 1.0442092797256830e-01 0.10638696593338452 0.11677823940376782   
517 4653 0.6639923896824836 1258.5270671136634 0.10322477286930054 1.0322477286930054e-01 0.10867319921028251 0.11462336473332602   
518 4662 0.6917366523643534 1256.0266762300853 0.10153337934523743 1.0153337934523743e-01 0.10653141652066 0.1133959986791572   
519 4671 0.8640243987198091 1296.071225153751 0.09903328208329161 9.9033282083291610e-02 0.10528113286639597 0.11080201558363245   
520 4680 0.8324987829236618 1370.904934070487 0.09903328208329161 1.0034607847679600e-01 0.10465138062159365 0.11127397736802166   
521 4689 0.724829132597761 1450.9962990029185 0.09795061463721631 9.7950614637216313e-02 0.10286893021461183 0.11058994152565572   
522 4698 0.6664845215351284 1571.7060262371551 0.09699430337477712 9.6994303374777116e-02 0.1003874351314084 0.10858321213455241   
523 4707 0.6998015529695232 1443.3891597980241 0.09595711647309194 9.5957116473091936e-02 0.0984778838240722 0.10388952472050933   
524 4716 0.7114471110270743 1397.9308153680754 0.09595711647309194 9.6663875062592539e-02 0.09865193145440243 0.10376857140852971   
525 4725 0.5990107285783487 1406.9846897901045 0.09595711647309194 9.6073725072854166e-02 0.10165090604099668 0.1172187850614837   
526 4734 0.513397763149112 1393.775173308573 0.09595711647309194 9.6311317782073635e-02 0.09768453251901436 0.09954479893434706   
527 4743 0.5372573581740998 1486.6723948829617 0.0941946718005283 9.4194671800528304e-02 0.0970538381147408 0.09878362155555884   
528 4752 0.5136838097618547 1524.7322976929331 0.09290469558507834 9.2904695585078342e-02 0.09594810313042534 0.0983253040570336   
529 4761 0.5549241262881476 1558.440520504044 0.09290469558507834 9.3099298119140181e-02 0.09471839651813274 0.1010612754089869   
530 4770 0.5810043572256495 1500.0073302235076 0.09116784066846512 9.1167840668465117e-02 0.09495351090459128 0.09764088745438779   
531 4779 0.5651097224659438 1378.0501295839429 0.09074618436825427 9.0746184368254268e-02 0.09158248399064367 0.0984327535052255   
532 4788 0.6146646750099988 1348.9509697034775 0.08806053951826974 8.8060539518269740e-02 0.09185930889487891 0.0999683226737298   
533 4797 0.6561477429508109 1391.8622785042412 0.08806053951826974 8.9644502244493329e-02 0.09090195241449121 0.0953110906312167   
534 4806 0.7644021796222155 1372.754452985862 0.08771703917547177 8.7717039175471773e-02 0.08900652130601557 0.0951605909865337   
535 4815 0.8921181379135279 1574.9638721900399 0.0838697397267307 8.3869739726730702e-02 0.0903667440713532 0.09420877611717583   
536 4824 1.0663699084599436 1575.90744923158 0.07991008671270504 7.9910086712705039e-02 0.08731873680185487 0.0939102841825253   
537 4833 1.2599004995871184 1647.70310713203 0.07780370302702978 7.7803703027029783e-02 0.08396660989762678 0.10374487619313458   
538 4842 1.3170819097711537 1683.1232879812146 0.07775530875399762 7.7755308753997623e-02 0.08549100308916413 0.10557758404526517   
539 4851 1.3799014906877358 1740.1832208091553 0.07399031954623643 7.3990319546236430e-02 0.08604574396129068 0.09099500078572237   
540 4860 1.4993987509879179 1707.5305919085868 0.07158457625130257 7.1584576251302573e-02 0.08656952030155446 0.11897456246824271   
541 4869 1.5891252691691702 1715.4547021689268 0.07158457625130257 7.2492024251067780e-02 0.08230935216039031 0.1102368102258843   
542 4878 1.5947897521454093 1780.557235323518 0.07042876381167373 7.0428763811673734e-02 0.08166120772616313 0.11221769836834752   
543 4887 1.5775401743628206 1715.0138094276506 0.06641789272767362 6.6417892727673622e-02 0.08195525236737951 0.0913963581471091   
544 4896 1.6858596324776125 1631.6988057025196 0.05855635424377806 5.8556354243778058e-02 0.07456374013830734 0.07982396593008435   
545 4905 1.5348920426425812 1544.5233154835037 0.05855635424377806 6.5435669771037902e-02 0.08164163967819188 0.10062562138621645   
546 4914 1.6211557714405647 1531.6486341702814 0.05534045152983586 5.5340451529835862e-02 0.06914152432719325 0.08162790881148135   
547 4923 1.7144936347995674 1575.8384093394652 0.05534045152983586 5.5724747223426088e-02 0.07449651348219165 0.07850431732410262   
548 4932 1.9479299991658092 1526.8434231538524 0.05534045152983586 5.9268029615523909e-02 0.07582158908007701 0.14170847123875213   
549 4941 2.229905444267236 1576.8723189997797 0.05448978130791279 5.4489781307912787e-02 0.08593347584733614 0.11086837339019773   
550 4950 2.6124317234107775 1659.8971306966253 0.04536681391092076 4.5366813910920761e-02 0.07764933307658368 0.11756773031672975   
551 4959 2.862722608445118 1583.4559577925218 0.04536681391092076 6.6547022694110294e-02 0.09354388165613736 0.17173248138769584   
552 4968 2.8349970684045336 1661.0771318738575 0.04536681391092076 5.7384137577318167e-02 0.10450601532553556 0.13595064199643608   
553 4977 2.6014014490006194 1665.0784747349037 0.04536681391092076 5.6940413354736909e-02 0.07267398147044962 0.18202699717615783   
554 4986 2.6135488852928423 1640.9139489181978 0.03556131616446799 3.5561316164467990e-02 0.0663120847936884 0.08563712629015774   
555 4995 2.5205510782822387 1676.974286127731 0.03556131616446799 6.3834591844258173e-02 0.07748478989821096 0.13125602342194756   
556 5004 2.1037661891146353 1521.102670059987 0.03556131616446799 5.0408129915818313e-02 0.06443231099901993 0.10924843514974696   
557 5013 1.7987979908663194 1547.6404976710394 0.03556131616446799 4.6784432210545963e-02 0.05843275670906258 0.11845205324571698   
558 5022 1.6225836181422106 1499.491762467796 0.03556131616446799 4.4535942196381392e-02 0.05525289069773423 0.09027865857798308   
559 5031 1.6298515107339469 1568.7523140086846 0.03556131616446799 3.7610442776683864e-02 0.05385410965128309 0.06326557463623363   
560 5040 1.4873038029044814 1460.6472566101768 0.03494384440958864 3.4943844409588642e-02 0.04645755978188104 0.059922227180000884   
561 5049 1.3742846481846727 1505.5707221618031 0.03177294121621396 3.1772941216213962e-02 0.04493948343166126 0.08687871353460086   
562 5058 1.2458288435181941 1535.2482301238892 0.03177294121621396 3.4614292812513131e-02 0.04058201474134787 0.07977232359435976   
563 5067 1.136459322936155 1527.9068759936845 0.03177294121621396 3.8177268399746986e-02 0.04365404181626419 0.06396990958709932   
564 5076 0.9996702836527306 1555.9514192153665 0.03177294121621396 3.6060575206595259e-02 0.04218247984807248 0.052968645804302265   
565 5085 0.8814131530977758 1625.2006600918667 0.03177294121621396 3.2598522730563489e-02 0.04437484693213473 0.051896172975772384   
566 5094 0.7606315297646111 1516.5038964198325 0.03177294121621396 3.2864165549996889e-02 0.03804217471669637 0.04951675093330206   
567 5103 0.7826599697574937 1515.3248882183877 0.030888989903871202 3.0888989903871202e-02 0.035608090025652704 0.04448498375092085   
568 5112 0.735613932519645 1481.3181259192634 0.030888989903871202 3.2802345494347962e-02 0.03559798618941524 0.038271946530289785   
569 5121 0.7938552849906938 1572.5649884105364 0.02941082624461941 2.9410826244619409e-02 0.03217257377714311 0.036876367021832356   
570 5130 0.7830854652080153 1641.1045943407155 0.02803011703554872 2.8030117035548720e-02 0.03014849387379358 0.031556906685839346   
571 5139 0.8341068034285807 1635.5983981779027 0.027047945490834075 2.7047945490834075e-02 0.030234279532953857 0.03858299634254774   
572 5148 0.8474250760170456 1930.2940736737337 0.027047945490834075 2.8018183696601633e-02 0.03294153652590816 0.036752614575511   
573 5157 0.8096637484254406 2048.6935633549106 0.027047945490834075 2.7262641022575140e-02 0.029172602572869237 0.037726181579261435   
574 5166 0.8285346647198726 2110.1626335583965 0.024924633745760465 2.4924633745760465e-02 0.027818636658473908 0.034135682171973755   
575 5175 0.9140212900474514 1993.2496333814631 0.021608967617314203 2.1608967617314203e-02 0.026055854843344904 0.02887593116497968   
576 5184 1.0173031511166026 1719.7618979136532 0.021391588363935964 2.1391588363935964e-02 0.02613906839215866 0.02970566579682328   
577 5193 1.0535594483798834 1508.114673150525 0.019346312784330973 1.9346312784330973e-02 0.025932922797168884 0.032771637380832754   
578 5202 1.1240183112265958 1450.795114022709 0.019346312784330973 1.9810897572032443e-02 0.0257091839784715 0.030206145638409433   
579 5211 1.3023688770630966 1548.2520194948997 0.019346312784330973 2.4756479432016101e-02 0.028471334858117956 0.04021723747350969   
580 5220 1.354043308763165 1621.4985108955705 0.019346312784330973 1.9731833923755576e-02 0.032104759138579686 0.04127382300134851   
581 5229 1.1261757839457434 1629.2238891293364 0.019346312784330973 2.3146836487004420e-02 0.027064378815385922 0.0408758491804576   
582 5238 1.0291510264928156 1587.9681228093734 0.017010978575875704 1.7010978575875704e-02 0.02604486190492787 0.035733771223284846   
583 5247 1.0374028228945018 1574.8742197930328 0.013200943150558067 1.3200943150558067e-02 0.025342746079399722 0.027601088496759272   
584 5256 1.2709753484652229 1564.7719806363646 0.013200943150558067 1.3812474719274812e-02 0.01692738484165759 0.02217204210429427   
585 5265 1.3965555756465857 1666.9237993714012 0.00812177355754228 8.1217735575422802e-03 0.019678988884627168 0.031688710647317264   
586 5274 1.4253742880096318 1651.206315987215 0.00812177355754228 1.4086624907939911e-02 0.023553218610048096 0.031742871449680764   
587 5283 1.3884537903237923 1696.8059961875815 0.00812177355754228 1.3686099846230378e-02 0.02383342806481066 0.03458852456505054   
588 5292 1.3593843264963459 1778.8637095191239 0.00812177355754228 1.5268693732300640e-02 0.023576467402828354 0.03285894197090443   
589 5301 1.3290084154464228 1577.7673040825662 0.00812177355754228 1.5249541911826406e-02 0.020613046370695217 0.03387659186926787   
590 5310 1.3860427065849983 1771.434138191575 0.00812177355754228 1.7701959970665981e-02 0.02064603406624988 0.026236899602395117   
591 5319 1.2137416312618663 1783.7724632530142 0.00812177355754228 1.3428868754524982e-02 0.020127880301469028 0.026806457655768615   
592 5328 0.9820990347651436 1839.6004045882476 0.00812177355754228 1.5256048504428469e-02 0.017975235497012382 0.026322561003693786   
593 5337 0.9473119896670561 1901.406394101993 0.00812177355754228 1.3618642111862112e-02 0.015887591933476188 0.026276100118567645   
594 5346 0.9195261392529092 1890.2061735964207 0.00812177355754228 1.1571213982302923e-02 0.01681577212526604 0.023510797121463475   
595 5355 0.9096964149362221 2038.4369798430369 0.00812177355754228 9.3158956091322145e-03 0.015666796225908563 0.02248315752084143   
596 5364 0.9390758758275073 1824.120460080615 0.0073604604348742496 7.3604604348742496e-03 0.013460849063264994 0.018197589837654345   
597 5373 0.9295138191434261 1673.677719078723 0.0073604604348742496 1.0155435201047482e-02 0.012089787853780974 0.014697908825396424   
598 5382 1.0660484625449915 1760.622888605124 0.0073604604348742496 8.2594010886347796e-03 0.012662380882576811 0.019266394870737485   
599 5391 1.1959658638520054 1564.1667006472244 0.006809622244874547 6.8096222448745473e-03 0.01112079076879107 0.01883443989240195   
600 5400 1.2929438511270464 1623.5608470888733 0.006809622244874547 8.3038232598530611e-03 0.013561373552571055 0.01923701543710337   
601 5409 1.233049600748364 1816.878714365265 0.006809622244874547 7.1961773013699999e-03 0.010665469543621115 0.017968633986025665   
602 5418 1.227200198874648 1848.5258702553378 0.006809622244874547 9.0694306769219350e-03 0.012399452042288574 0.018519607932159895   
603 5427 1.0815028978022307 1929.7004360376623 0.006809622244874547 8.5017978172287779e-03 0.01322912336169227 0.015975151362963836   
604 5436 0.9165211486338146 1996.1880431187076 0.006809622244874547 7.5187632226126847e-03 0.009157740756902105 0.018997655325405212   
605 5445 0.8561959682000121 2043.8442378412287 0.006809622244874547 6.8693890202459265e-03 0.010082389918168618 0.01760570525999745   
606 5454 0.8560075067024691 2063.969293165527 0.003510225683943033 3.5102256839430329e-03 0.008247719208437327 0.011626761862516169   
607 5463 0.779162042049833 1888.1907437380114 0.003510225683943033 4.5407697940781800e-03 0.006600078111284523 0.008828607256387483   
608 5472 0.7661212190664408 2032.8313875660633 0.003510225683943033 5.0747220294702746e-03 0.008822153338566617 0.01219156585966647   
609 5481 0.7353582694480126 2050.4770159160557 0.003510225683943033 4.9124837337187191e-03 0.008160500263423683 0.008978470289178352   
610 5490 0.6629788342043015 2160.524848444453 0.003059433080185126 3.0594330801851262e-03 0.00671671596915668 0.011747198939549078   
611 5499 0.5982150359514259 2071.570469980233 0.001725833295736883 1.7258332957368831e-03 0.005694818929276175 0.009229809129677564   
612 5508 0.4828359744353316 1878.8915847344708 0.001725833295736883 2.1788008477555019e-03 0.003948747536934888 0.0062358541136017945   
613 5517 0.44568357713053425 1875.3488284763575 0.001725833295736883 2.4970744512971136e-03 0.004483613149691842 0.006098506157723788   
614 5526 0.4303312118642506 1989.2319834022035 0.001725833295736883 2.9074995820425535e-03 0.003889704982830846 0.005036704906328419   
615 5535 0.42303400111411443 1800.8349436502567 0.001725833295736883 2.2177969674503253e-03 0.004030260524992824 0.005086540357649642   
616 5544 0.3689462934014863 1850.468270592462 0.001725833295736883 2.3633947666585396e-03 0.0028983820294312397 0.005314354181783929   
617 5553 0.35375395169932344 1783.8582466471712 0.001725833295736883 1.8568003561468512e-03 0.002273370855415542 0.004165414228416325   
618 5562 0.3807194855486763 1810.7352454987843 0.001370859582190909 1.3708595821909091e-03 0.0025954110283117923 0.0031794192432568645   
619 5571 0.37855265951568323 1776.8217240202252 0.001370859582190909 1.7132726591889617e-03 0.002151151625342405 0.0036129915625094677   
620 5580 0.3471078251316219 1753.2214872387221 0.0013561821320840451 1.3561821320840451e-03 0.0023113803750498454 0.003870170343853076   
621 5589 0.31200538944082173 1717.4365305209892 0.0013561821320840451 1.4218938449874425e-03 0.0022617442683094467 0.0034987089346292617   
622 5598 0.2826255695521342 1697.7727585488713 0.0013403204594721783 1.3403204594721783e-03 0.0023820668492547962 0.0028225053218918616   
623 5607 0.24039495252182413 1636.3343600254855 0.0013361415109114023 1.3361415109114023e-03 0.0018706430568417682 0.0027341818829723094   
624 5616 0.23781487776160104 1665.0848121960603 0.0010379151921600205 1.0379151921600205e-03 0.0014794062343980571 0.001929857093201592   
625 5625 0.22488941839424698 1782.6464803339293 0.0010379151921600205 1.1347641328954159e-03 0.00152191182158094 0.0019627658101532028   
626 5634 0.19973778665769418 1691.4023332164163 0.0007887488805561918 7.8874888055619180e-04 0.0013502358873317792 0.0022187526168838947   
627 5643 0.18359774345554486 1649.0077248501586 0.0007887488805561918 8.1033489966031143e-04 0.0013742851657059243 0.0018262461182125761   
628 5652 0.1622185969873445 1700.9597343239423 0.0007174816293980666 7.1748162939806661e-04 0.0013221007059127817 0.001902649494534604   
629 5661 0.15458363058942884 1790.1668324951186 0.00046274688373092545 4.6274688373092545e-04 0.0008017585936093757 0.001108810512244606   
630 5670 0.14966838074210229 1859.3823916233864 0.00046274688373092545 5.4018728907496646e-04 0.0008750162500167094 0.0011715277024337194   
631 5679 0.1594105258826883 1931.6805064532666 0.0003914352253903235 3.9143522539032352e-04 0.0008237498520674665 0.0010485692069194161   
632 5688 0.141690421368563 1786.9382005816774 0.0003297953286520395 3.2979532865203953e-04 0.0006777789763361634 0.000908034947886496   
633 5697 0.12573293755653756 1811.8074490292088 0.0003297953286520395 4.0746415272357566e-04 0.0006333117017111661 0.0010590135268748844   
634 5706 0.11707663336780012 1819.1338870475063 0.0003297953286520395 4.0938202703453267e-04 0.0005563625766309854 0.0006438797109112562   
635 5715 0.10583506876869571 1876.9684749680962 0.0003297953286520395 3.8232471537785414e-04 0.0005132520026341392 0.0009248972642376019   
636 5724 0.09832438862613568 1918.9912327501727 0.0003297953286520395 3.3979527303447545e-04 0.0005947171067722715 0.0010522316038726195   
637 5733 0.08507401978365874 1996.4949275768336 0.00028557711672858927 2.8557711672858927e-04 0.0005190464670070047 0.0007045430285193137   
638 5742 0.0757093564980768 1913.9507291093357 0.00027882350932975766 2.7882350932975766e-04 0.00039808569493800136 0.0005581867697736783   
639 5751 0.06598085451065801 1949.1492160600772 0.00019661515477810204 1.9661515477810204e-04 0.0003090955580021232 0.0005010067162388297   
640 5760 0.0640432689460613 1864.530454667517 0.0001564268324562692 1.5642683245626921e-04 0.00032452055030679646 0.00043208154702076626   
641 5769 0.06181046556159967 1822.3148867198613 0.00014609499358923656 1.4609499358923656e-04 0.00022300688753694215 0.0003192469170384601   
642 5778 0.061450851252508716 1921.6393374839288 0.00014609499358923656 1.8305137490693568e-04 0.0002548793735147982 0.00035690274972136884   
643 5787 0.053250040391017064 1933.0102171977906 0.00014609499358923656 1.8585000594772139e-04 0.0002216281187929904 0.0003392858648956651   
644 5796 0.04578621389293403 1962.9458864594937 0.00012129444309835686 1.2129444309835686e-04 0.00022798856300017205 0.0002889480034706927   
645 5805 0.0464355390698975 2059.208634220852 0.00011554608518376563 1.1554608518376563e-04 0.00013263885466455178 0.0002080583001675559   
646 5814 0.04498949687120254 2030.48060727704 9.408089930342991e-05 9.4080899303429909e-05 0.00016884134779495682 0.000215150705908236   
647 5823 0.040793848917802446 1912.841621119459 7.656720714581264e-05 7.6567207145812643e-05 0.00016487649685512667 0.0002592139383427514   
648 5832 0.03746277834018992 1864.1942633614076 7.656720714581264e-05 1.1209322441886561e-04 0.00014415487205125094 0.00019547504673933595   
649 5841 0.03175933340588762 1987.7579386956397 7.434703146858968e-05 7.4347031468589682e-05 0.0001435421381994451 0.00018669061983029307   
650 5850 0.02832856563278699 2052.0749786381652 7.434703146858968e-05 1.1428682269716808e-04 0.000128698646162783 0.0001681871521159028   
651 5859 0.023835610914856066 2056.411502104255 7.434703146858968e-05 7.4759939230024599e-05 0.00010581020269356619 0.00016924448088209378   
652 5868 0.022559273583515914 2122.6732899602544 5.9262603690735194e-05 5.9262603690735194e-05 0.00010518779344969964 0.00011470672273623982   
653 5877 0.021478530450893683 2236.046367198459 5.9262603690735194e-05 6.0775458926468422e-05 8.203637928176749e-05 0.00012593068918559174   
654 5886 0.022025295163996216 2413.57194119386 5.9262603690735194e-05 7.2893229523018560e-05 8.660208412925788e-05 0.00011264656213112338   
655 5895 0.021577182967288618 2475.085770400378 4.137729290994155e-05 4.1377292909941548e-05 7.593487859751612e-05 0.00010695600202681888   
656 5904 0.021175389138201876 2350.180532546026 3.2990825332011455e-05 3.2990825332011455e-05 7.079408266341053e-05 9.472007405337781e-05   
657 5913 0.019841320347076006 2461.6898405109237 3.2990825332011455e-05 4.0625648976335350e-05 5.3104163988110504e-05 6.869292042816345e-05   
658 5922 0.018730435237045744 2647.1421650875636 2.302769635855841e-05 2.3027696358558410e-05 5.59421948631956e-05 0.00011086788320119887   
659 5931 0.01746232757270426 2462.881526965118 2.302769635855841e-05 2.9525140657735509e-05 5.756852615184286e-05 8.950105739836627e-05   
660 5940 0.015934210353604265 2353.075482748124 2.1732488388405524e-05 2.1732488388405524e-05 4.507737488379927e-05 6.794532258685043e-05   
661 5949 0.014006242003690553 2569.624241654774 2.1732488388405524e-05 2.1734233259473632e-05 3.903466323494254e-05 5.2208755840571594e-05   
662 5958 0.013945541562292687 2572.441005950332 1.8688673582370783e-05 1.8688673582370783e-05 4.07600499489223e-05 5.1519423468771163e-05   
663 5967 0.0144307377188514 2696.3615647520965 1.7209318717605988e-05 1.7209318717605988e-05 3.282708402458046e-05 4.133394956975476e-05   
664 5976 0.013110961116157104 2785.111558780495 1.7209318717605988e-05 2.1731875087632571e-05 3.0306473538459256e-05 5.2438120648499886e-05   
665 5985 0.011628434270466581 2724.164711069482 1.5021801864532462e-05 1.5021801864532462e-05 3.048189016827484e-05 4.774304170127242e-05   
666 5994 0.009829496486047746 2552.5405121093327 1.1372459623317026e-05 1.1372459623317026e-05 1.9322394525924675e-05 5.065249272302757e-05   
667 6003 0.008150674109033985 2353.1199019268306 1.0288736490049162e-05 1.0288736490049162e-05 2.3157331218147844e-05 3.5128620169217195e-05   
668 6012 0.007379628137520571 2301.137813974321 8.519129902592908e-06 8.5191299025929084e-06 1.417634844409465e-05 2.6215535579815027e-05   
669 6021 0.006486701550523869 2249.32213184752 8.519129902592908e-06 1.1185299166511743e-05 1.5532852210043517e-05 2.1632190240273552e-05   
670 6030 0.005647937836931658 2261.2750078665817 7.109626869193025e-06 7.1096268691930249e-06 1.286311928745564e-05 1.990558733652722e-05   
671 6039 0.0051791914062808 2231.97154784495 5.502138307278266e-06 5.5021383072782659e-06 1.2740934410991167e-05 2.019597286337776e-05   
672 6048 0.0044764197812268884 2166.5861275345414 5.363741235835487e-06 5.3637412358354868e-06 1.2336548337103877e-05 1.9592484462193576e-05   
673 6057 0.003759812835739854 2094.6804629785797 3.823070682086034e-06 3.8230706820860340e-06 8.88933641768587e-06 1.2538219213679728e-05   
674 6066 0.00362511502016776 2120.1519304015574 3.823070682086034e-06 6.0191359808156607e-06 7.341811301821269e-06 1.1998637817378402e-05   
675 6075 0.003310533224373092 2177.6507031401266 3.823070682086034e-06 5.4822304430533514e-06 8.539469003856602e-06 1.0686695657618603e-05   
676 6084 0.0028043247801079734 2192.5832127778062 3.823070682086034e-06 4.2616105440892079e-06 7.098283558359257e-06 1.2306594421742648e-05   
677 6093 0.002432569025267257 2173.9383648864437 3.202588766998393e-06 3.2025887669983928e-06 4.568682502332328e-06 7.067702153285717e-06   
678 6102 0.0019881991488715973 2095.036794013373 2.5241640605907703e-06 2.5241640605907703e-06 5.008659746451011e-06 7.196668687284275e-06   
679 6111 0.0018259885445322426 2148.5101811908617 2.225044947241323e-06 2.2250449472413230e-06 3.518088044881386e-06 4.312032587667948e-06   
680 6120 0.0015557473236730895 2196.198975267961 2.1037996301181495e-06 2.1037996301181495e-06 3.1206941128080003e-06 5.311223135603063e-06   
681 6129 0.001444791581951167 2213.00420713876 2.1037996301181495e-06 2.1878321643903270e-06 3.3005004886004494e-06 3.783734712862283e-06   
682 6138 0.0016166093508293556 2310.3078686197337 1.8206497329014004e-06 1.8206497329014004e-06 2.6077925384108344e-06 4.796129222555443e-06   
683 6147 0.0014097531600149782 2144.316963438468 8.536641503193297e-07 8.5366415031932968e-07 2.1397812100228814e-06 3.7740791186832827e-06   
684 6156 0.001296162102123548 2165.6732002244767 8.536641503193297e-07 1.3773819318415515e-06 1.8996951983815838e-06 2.8197388680308018e-06   
685 6165 0.0011135742434728942 2085.749340246372 7.107761785160505e-07 7.1077617851605050e-07 1.9215782369639995e-06 2.7927606748716588e-06   
686 6174 0.0010296634103722617 2104.6269294513154 7.107761785160505e-07 1.1258123868935271e-06 1.545514308481707e-06 2.825127853630525e-06   
687 6183 0.0009321989748491546 1943.6683046777393 7.107761785160505e-07 1.1708346817802283e-06 1.6336062745121337e-06 2.309301650374646e-06   
688 6192 0.0007615013455672924 1949.2840292318442 7.107761785160505e-07 8.1728336694294863e-07 1.442357689177947e-06 2.6543402433881847e-06   
689 6201 0.0007251313016002401 1961.7302044551361 6.140335987415907e-07 6.1403359874159066e-07 9.813757655948447e-07 1.2583355777192098e-06   
690 6210 0.0006155778576434071 2041.789644694302 2.536188581433139e-07 2.5361885814331390e-07 8.791899099041111e-07 1.3718982181373778e-06   
691 6219 0.0006037330129118007 2120.070093781228 2.536188581433139e-07 4.1891220582330347e-07 7.462479601747057e-07 1.1056213156423542e-06   
692 6228 0.0005055568135212767 2077.7881594467003 2.536188581433139e-07 3.2095030816088023e-07 6.787771889630824e-07 1.1255344783192001e-06   
693 6237 0.0004594816298909909 2082.437594536219 2.536188581433139e-07 3.0662041960587495e-07 6.948920929918943e-07 8.760085870666545e-07   
694 6246 0.0003965395772314178 2020.602349873556 2.536188581433139e-07 3.4878440072160177e-07 5.699381394331595e-07 1.108171556550733e-06   
695 6255 0.00036337389029751947 2061.960891524602 2.491046218165283e-07 2.4910462181652828e-07 4.020059025321896e-07 7.029271730081946e-07   
696 6264 0.000322116962306904 2200.737937935649 2.491046218165283e-07 2.4929114623734192e-07 3.726978938255677e-07 5.363878654224499e-07   
697 6273 0.00029166131008278223 2106.3309101534574 2.491046218165283e-07 2.6592830303171915e-07 3.672665293030259e-07 5.177622079287875e-07   
698 6282 0.0002486441155697216 2161.040433199442 2.3922951980073e-07 2.3922951980073000e-07 3.5367973157889763e-07 6.600672753463957e-07   
699 6291 0.00022739136428304908 2058.232363905627 1.9975662495333992e-07 1.9975662495333992e-07 3.53378519840325e-07 6.786559714597667e-07   
700 6300 0.00020115890006411184 1915.7127428234242 1.5595561212796147e-07 1.5595561212796147e-07 3.1907457725699985e-07 4.7250102188229104e-07   
701 6309 0.00018786416634102292 1959.5192337065773 1.5595561212796147e-07 1.6904483322612232e-07 1.9653288977510053e-07 3.762282836651113e-07   
702 6318 0.00016431321982788986 1938.6101817278247 8.896007985136816e-08 8.8960079851368160e-08 2.566443982254774e-07 4.395352503794688e-07   
703 6327 0.00013626583022512159 1886.8440566447855 8.896007985136816e-08 9.1764421320544590e-08 1.5562504206691509e-07 1.971074221569719e-07   
704 6336 0.00013770960365711645 1949.6476930055237 8.38126516842515e-08 8.3812651684251494e-08 1.4066221622236993e-07 1.706317005736408e-07   
705 6345 0.00013497158104485078 2022.5547743916827 7.016107851710678e-08 7.0161078517106779e-08 1.4847522005841262e-07 1.7775434921745132e-07   
706 6354 0.00012883197208805796 2074.0682998179873 7.016107851710678e-08 7.5503599650434655e-08 1.0965742085884959e-07 1.5559874335875634e-07   
707 6363 0.00012099484056758055 2070.7775039063645 1.3882559076180194e-08 1.3882559076180194e-08 1.0295751802271783e-07 1.7483239513929601e-07   
708 6372 0.00010753139304983091 1959.7146345933202 1.3882559076180194e-08 4.6541357557925287e-08 1.1774339158122908e-07 1.4978417395479301e-07   
709 6381 9.358233968381279e-05 1832.9956432894653 1.3882559076180194e-08 4.4872387545368298e-08 8.021599083507033e-08 1.547167791351887e-07   
710 6390 8.987290089392673e-05 1890.8722608779044 1.3882559076180194e-08 6.2744618541245782e-08 9.110952933934096e-08 1.2748348559686467e-07   
711 6399 7.894381204705482e-05 1944.981768606073 1.3882559076180194e-08 5.1077630563336583e-08 7.761150846745522e-08 1.1931226499795464e-07   
712 6408 7.00241857028339e-05 1877.9833653632074 1.3882559076180194e-08 3.5365293260514489e-08 6.378876673433469e-08 1.2250529756188578e-07   
713 6417 6.686845123272168e-05 1802.7382704278239 1.3882559076180194e-08 2.8066271726277553e-08 6.7968046537391e-08 1.0725699798427839e-07   
714 6426 6.426036584710108e-05 1879.0731506219322 1.3882559076180194e-08 3.7126621297859077e-08 4.115490961365178e-08 6.0116759530076e-08   
715 6435 5.5057098383478696e-05 1832.068407800631 1.3882559076180194e-08 2.4577152005756358e-08 4.193557252412797e-08 5.9027621915907174e-08   
716 6444 4.738873435799105e-05 1787.0870882167903 1.265341232115177e-08 1.2653412321151769e-08 4.877787936003357e-08 6.724808596998609e-08   
717 6453 4.635703897053717e-05 1956.7847418848326 1.265341232115177e-08 2.3490389400594176e-08 3.724877887924133e-08 4.763514083572971e-08   
