% # columns="iteration, evaluation, void, void, void, xmean", seed=829786, Sun Mar 12 18:12:01 2023, <python>{}</python> # scaling_of_variables: 1, typical_x: 0
1 9 0 0 0 0.5214619831647519 -1.4392255686301476 -3.0270604944869937 -1.0403060780470827 1.7265547511499582 0.8960361601836391
2 18 0 0 0 0.2750366689902421 -1.5271826256311722 -2.8316095989692753 -1.0725612962946764 1.5450442738788412 0.7841705163462382
3 27 0 0 0 -0.11647607141203431 -1.5764312621733032 -2.9869906508705757 -1.2042971031218204 1.5847120445072351 0.848799041701941
4 36 0 0 0 -0.6613232611536838 -1.7630249260366353 -3.0169525166236197 -1.4606125569960753 1.8121537938965175 0.7771612030959636
5 45 0 0 0 -0.8457371519399763 -1.9179068094568714 -3.1195445197878744 -1.3097935186800793 1.375309863142762 0.33740680324623834
6 54 0 0 0 -0.9542704422425584 -1.936460144196402 -3.318161256893689 -1.4774736244483333 1.2455775617308962 0.2440890700692448
7 63 0 0 0 -1.1660039243564593 -2.0632090147217736 -3.206936910332551 -1.5557055271451066 1.4968825595975959 -0.048675963048745274
8 72 0 0 0 -1.1738684513404607 -2.1246261358245464 -3.1681262363838703 -1.4383547993894217 2.2914350029520665 -0.043915705658960635
9 81 0 0 0 -1.095703859571406 -2.172175888414673 -3.4135222030034003 -1.0977529643881678 2.5901258171366424 -0.5620304827447048
10 90 0 0 0 -1.3316616795153187 -2.136150617384738 -3.3487164477553515 -1.3707475783997694 2.998379355006133 -0.723411191269754
11 99 0 0 0 -0.7874626473004791 -2.446013054844272 -3.418645571864634 -0.4394548440409376 1.710581126145428 -0.5420606018284557
12 108 0 0 0 -1.366441979500594 -2.3719347906313075 -3.4568996658167643 -0.28416334861827736 1.296048747189478 -0.41007176918619626
13 117 0 0 0 -1.2433538655870577 -2.334978786994752 -3.5876376601206488 -0.7908463777892085 1.0524614483408057 -0.11599005181974292
14 126 0 0 0 -1.3231285236631445 -2.1864145365291345 -3.2739467732476317 -0.9473296525377771 1.2497812562803081 -0.3985451772400132
15 135 0 0 0 -1.269209889117902 -2.138900950410266 -3.4393351339866545 -0.36618737303372784 0.7567129282169371 -0.8421324857304137
16 144 0 0 0 -1.0218265679871474 -2.224670427994418 -3.417685148827446 -0.34435543685093917 0.8369274388068187 -1.0389264575189805
17 153 0 0 0 -1.1143477424789565 -2.2397538561226695 -3.5940313858565838 -0.34927193446884836 0.7347134020979396 -1.4225464816287967
18 162 0 0 0 -1.0498004058240735 -2.30410280979098 -3.5149592749397605 -0.5235201102437994 0.6199165212249635 -1.5625885430648248
19 171 0 0 0 -1.0428583420005844 -2.3973584556228458 -3.822048680226217 -0.7371877684346211 0.8879385202533226 -1.7487735317575333
20 180 0 0 0 -1.0347045948151747 -2.446414787845132 -3.75402568887722 -0.5021253368746414 0.8674673623757356 -1.6932248926720896
21 189 0 0 0 -1.1180516960787807 -2.252263522354589 -3.684757761418706 -0.8958188463597029 0.29670983562655884 -1.6209690359038118
22 198 0 0 0 -1.0317993353337633 -2.344458208268075 -3.6242495584160377 -0.986613019469009 0.16046511360388205 -1.4927726025459085
23 207 0 0 0 -1.0393867615153747 -2.3286033745498917 -3.6365081565302653 -0.5736102644722433 0.09637681553767848 -1.6787977486464176
24 216 0 0 0 -1.0791437338782488 -2.2815389796339964 -3.7191485321716318 -0.2837630765163993 -0.17866193519658202 -1.7624020512644534
25 225 0 0 0 -1.1436921678754859 -2.2771519016860347 -3.731230640370486 -0.5808410300544895 -0.5030265261125265 -1.626785600453284
26 234 0 0 0 -1.1521626998026264 -2.3342012850626777 -3.6839864830606865 -0.6190292446200392 -0.3016794645074726 -1.6699366563225249
27 243 0 0 0 -1.079793363559584 -2.3205361236994166 -3.7410311475590365 -0.39359632974088493 -0.5421216756427581 -1.8137747471841408
28 252 0 0 0 -1.110393909329199 -2.3235807100894 -3.764065294686113 -0.4014883133912257 -0.4647938023552332 -2.0417912935537617
29 261 0 0 0 -1.1574937277240258 -2.3571894421863133 -3.8046098966078175 -0.7140451294742981 -0.3993369848763214 -1.9579022675232316
30 270 0 0 0 -1.1614357290989432 -2.328016573701014 -3.7843382498892915 -0.7216214944210149 -0.5728467270409592 -1.97210300379581
31 279 0 0 0 -1.1433030556240176 -2.2970326561256664 -3.722717220622112 -0.6705160679692972 -0.3967486877438926 -1.9291335665898794
32 288 0 0 0 -1.165356419011191 -2.318441559522234 -3.7641049043866253 -0.6392582147929758 -0.595750233232202 -1.6990949061288272
33 297 0 0 0 -1.164862719771675 -2.2855991654269006 -3.760981422451766 -0.6172534105180145 -0.7469995485458616 -1.7836988347815315
34 306 0 0 0 -1.16193228630591 -2.3130923949729385 -3.796563794747328 -0.718566158390097 -0.7528697067812166 -1.7387263808266686
35 315 0 0 0 -1.1482856888506918 -2.3843030815034263 -3.9171627855163615 -0.6580071533877073 -0.8610288030409806 -1.7415528319739535
36 324 0 0 0 -1.1629217266286234 -2.367690123739522 -3.883802088851361 -0.6256216708993952 -0.838173027720861 -1.7593788310541292
37 333 0 0 0 -1.1632690443855163 -2.3539661146734603 -3.846899017801249 -0.7049702067720304 -0.851815764679609 -1.5725709413698878
38 342 0 0 0 -1.1759273412641578 -2.345388052521739 -3.844692380531181 -0.7609861739281112 -1.039722048803867 -1.4324115863739084
39 351 0 0 0 -1.2001060106876893 -2.4151414180381066 -3.9385594174362457 -0.8446133401488508 -1.1468214031836095 -1.4130785768975327
40 360 0 0 0 -1.1589151958230104 -2.34790086789472 -3.825535269073737 -0.8592743389324141 -0.7404730997001527 -1.4689947106221306
41 369 0 0 0 -1.1767011195935273 -2.3540049529438294 -3.8348590437964596 -0.937905823560242 -0.8296368688288147 -1.192383600933249
42 378 0 0 0 -1.1859452368463772 -2.379948624424773 -3.8703338975119914 -1.0013894440884634 -0.9252710103558903 -1.088915967949165
43 387 0 0 0 -1.186580044832139 -2.3898364207466876 -3.869380956011544 -1.1599400019703474 -1.0560856795071771 -0.8282884844822684
44 396 0 0 0 -1.2005291333264065 -2.4024833409935598 -3.888264183949699 -1.081509626020418 -1.1344916085133416 -1.04094616715631
45 405 0 0 0 -1.2019458705780148 -2.386228390396924 -3.8710809697992588 -1.081753810647445 -1.1043491597705597 -0.9221344825410154
46 414 0 0 0 -1.205014808016363 -2.362872222519435 -3.8369890245834766 -1.1775601534848066 -1.073554770011294 -0.8308409031006463
47 423 0 0 0 -1.1904844718127157 -2.37228620169473 -3.852720813046168 -1.0569236522173053 -0.9842532642455242 -1.1016862195720318
48 432 0 0 0 -1.188848739918553 -2.370947763901823 -3.858137686248138 -0.9507388785678356 -0.9788019958359987 -1.2006350849893062
49 441 0 0 0 -1.1816142026957082 -2.3689295602775395 -3.8667839791705263 -0.8858870416550211 -0.9234476340304446 -1.4142699606259155
50 450 0 0 0 -1.1897775251630756 -2.399954171700303 -3.931077185206496 -0.7833653206819656 -1.1210422924859567 -1.4615322531436337
51 459 0 0 0 -1.19486689311219 -2.419069434534171 -3.962593835561182 -0.8059194430651435 -1.3124945477940797 -1.469913616131272
52 468 0 0 0 -1.193087889406915 -2.3839129230000182 -3.893137687860716 -0.987321862735796 -1.2002602797213684 -1.2872761011101101
53 477 0 0 0 -1.1908183426142072 -2.3803447964415323 -3.9105828595151966 -0.8615153134571246 -1.139839353807966 -1.3886443722653057
54 486 0 0 0 -1.1929432747451587 -2.3730156627920005 -3.8836458749799583 -0.873940109830859 -1.0692847377124284 -1.4076420685585367
55 495 0 0 0 -1.1941583062759404 -2.372215427274401 -3.8760736866783057 -0.9475100302964823 -1.086337422553455 -1.2161672145137714
56 504 0 0 0 -1.192715930615061 -2.377463159388429 -3.8835279758264223 -0.9242102828591435 -1.128542143063159 -1.2789297571676002
57 513 0 0 0 -1.1854077974529424 -2.3657243027729065 -3.866244205357482 -0.8820034084694477 -1.0005816663914517 -1.3055992473301545
58 522 0 0 0 -1.1795796617152634 -2.3629131020889815 -3.865841588743269 -0.7563269413237667 -0.9614576415711793 -1.4968313005263338
59 531 0 0 0 -1.1781511412309633 -2.360598337554858 -3.8589109131595323 -0.8209404552110485 -0.9400138062061583 -1.418993192244676
60 540 0 0 0 -1.1770353035778318 -2.3634350893103675 -3.8619643713349268 -0.8214110869952458 -0.9089715568074078 -1.3082729943193956
61 549 0 0 0 -1.1803676889008834 -2.3621333716169697 -3.859811200315139 -0.8055165178566046 -0.8893335933188766 -1.4168384976297668
62 558 0 0 0 -1.1839587949082866 -2.364802847133986 -3.861394362156821 -0.8502105430577809 -0.8959208471081431 -1.3468751465512598
63 567 0 0 0 -1.1820105670907177 -2.358142177601926 -3.838000168005734 -0.9334267058223217 -0.8588144445863013 -1.2902201547214505
64 576 0 0 0 -1.1794630871581113 -2.3525316390314095 -3.830058953099359 -0.9371804057686713 -0.8255230955687938 -1.2425145319255335
65 585 0 0 0 -1.1805523012455315 -2.350414716040238 -3.8270313355934804 -0.9431757375833061 -0.8130668869301888 -1.2541928169776377
66 594 0 0 0 -1.1795854926575107 -2.344112512938998 -3.808881268891346 -1.022528507990764 -0.7723456655095985 -1.1441811642457616
67 603 0 0 0 -1.181591782181598 -2.3527024969107053 -3.8356715465848588 -0.9175092046095447 -0.8638439118099932 -1.2741272681007993
68 612 0 0 0 -1.177484813687996 -2.348988143417973 -3.8274748409476285 -0.9048649537689194 -0.8158123206898578 -1.246774446419033
69 621 0 0 0 -1.179962082984067 -2.3547926469419576 -3.839814155146261 -0.8777691124096387 -0.8606154021602164 -1.2465576782783048
70 630 0 0 0 -1.1817128662243812 -2.356818727994429 -3.845297195489328 -0.87107090100063 -0.8943234411565494 -1.2776701566896678
71 639 0 0 0 -1.1812693880355554 -2.3621444283319373 -3.862398005225766 -0.8086082099177188 -0.9707193505697045 -1.3509181266878387
72 648 0 0 0 -1.180536627561678 -2.3508828447169923 -3.8347273018674857 -0.8738085585667825 -0.8599209524727561 -1.2262456994770947
73 657 0 0 0 -1.1749070716314447 -2.3430419374556295 -3.817197621083886 -0.8860556618552573 -0.7665687387488309 -1.1569910446414076
74 666 0 0 0 -1.1765087684924325 -2.3488985190371237 -3.8303050976426203 -0.855924128939741 -0.8003918158255275 -1.228652736837272
75 675 0 0 0 -1.1766915286170165 -2.351148279914358 -3.8385501714065975 -0.8264841956966471 -0.8628398317198124 -1.2485791203421892
76 684 0 0 0 -1.1795282847132795 -2.3487463375328583 -3.8281277622285645 -0.8995930647764683 -0.8233779953197756 -1.1293133431324407
77 693 0 0 0 -1.178100961722404 -2.3487094854406285 -3.831039208079556 -0.8600824588406528 -0.8275496457643113 -1.1414080783452607
78 702 0 0 0 -1.1785305065698575 -2.35253795872169 -3.843249104572368 -0.8242106018124515 -0.8860828811683686 -1.1988534213939768
79 711 0 0 0 -1.1784175290357304 -2.3537957690188636 -3.8477257204439645 -0.8109102680678983 -0.903966053582818 -1.1537564068946409
80 720 0 0 0 -1.1769706869964693 -2.3519847017896187 -3.842360915533358 -0.8231623576665602 -0.8680886310359 -1.1370466913255155
81 729 0 0 0 -1.1767195483885529 -2.3540163983072833 -3.8478960562221314 -0.8009995165193966 -0.8831077135985853 -1.1428149780707093
82 738 0 0 0 -1.1766848958953735 -2.349163391567454 -3.8340878535290326 -0.8401065236322559 -0.8421893501637175 -1.0680571884829182
83 747 0 0 0 -1.176840866196482 -2.353668756234879 -3.8474276623023376 -0.7909681701667112 -0.8946518890471828 -1.1281701816956664
84 756 0 0 0 -1.1747455302924668 -2.3490145131193993 -3.8380249901373067 -0.7905701946293336 -0.8408208264824519 -1.1350232006762815
85 765 0 0 0 -1.1754255149533677 -2.3492645142224307 -3.8385911733582745 -0.7968714249393094 -0.8492083002893434 -1.1279205506380736
86 774 0 0 0 -1.1745955146338896 -2.3478769396456016 -3.83547695443666 -0.7957775562029034 -0.8355835685885517 -1.1466991251310927
87 783 0 0 0 -1.174071115039116 -2.3483448143738888 -3.837689362424189 -0.7796658907285737 -0.8420484121718879 -1.1516404558186286
88 792 0 0 0 -1.1733014658029808 -2.3470817236399526 -3.834856036630917 -0.7798464275152781 -0.8265689793210402 -1.1369038904669262
89 801 0 0 0 -1.1736526104888179 -2.3476638878409344 -3.8367289631218164 -0.7725102986988933 -0.8379001927292834 -1.1605754099070664
90 810 0 0 0 -1.1740431124466921 -2.3492523359971496 -3.840208325597248 -0.7699917191799007 -0.8515029094933116 -1.1538377079350635
91 819 0 0 0 -1.1736675416358333 -2.347032079153079 -3.83521352655552 -0.7777101027478569 -0.8306031466412498 -1.1433068240487299
92 828 0 0 0 -1.1731893512373694 -2.3480543774527667 -3.838098650673886 -0.7636403252451868 -0.837727609640479 -1.177373057889708
93 837 0 0 0 -1.1738528251965774 -2.349482255976771 -3.840755178587853 -0.7677485761307753 -0.8508324470359587 -1.17262922718152
94 846 0 0 0 -1.173729860219298 -2.348128099406878 -3.83779456393997 -0.7732594486324177 -0.8400798904485227 -1.1681113833137715
95 855 0 0 0 -1.173062736640018 -2.3483147825713155 -3.839467338064427 -0.756890783270898 -0.8452617140488108 -1.1810805328843632
96 864 0 0 0 -1.1725720738290377 -2.3484129800199263 -3.840625986618053 -0.7461348143041935 -0.8496530177845135 -1.1923212046310836
97 873 0 0 0 -1.1728055331900884 -2.348486267595277 -3.8404083640433915 -0.7499357385097372 -0.8488858161944142 -1.1904582313339347
98 882 0 0 0 -1.172336397186234 -2.3492098300923696 -3.843012937939537 -0.7335928965868103 -0.856707737578195 -1.2038519732068644
99 891 0 0 0 -1.1718171362582956 -2.348941330226536 -3.843267340610917 -0.7246941438288051 -0.856605536076372 -1.2238926083947739
100 900 0 0 0 -1.1719980023291414 -2.348895612019072 -3.8428991478602503 -0.7279521085957413 -0.85544568477898 -1.2245038061909674
101 909 0 0 0 -1.1713100466435042 -2.3485103291130014 -3.8431676861833233 -0.7162824570497409 -0.8551959947676414 -1.2287352374524438
102 918 0 0 0 -1.1710593023194404 -2.348370925764472 -3.843195156605815 -0.7115777071746937 -0.8557329343925426 -1.2202105659554214
103 927 0 0 0 -1.171193232839794 -2.3483756168804737 -3.842807248990625 -0.7162829826237962 -0.852973199146281 -1.2216408975683852
104 936 0 0 0 -1.170843643654861 -2.3476911993696365 -3.8413615224822713 -0.7154688699593162 -0.8460201540939696 -1.2219485393635519
105 945 0 0 0 -1.1705905459734485 -2.347176166243104 -3.8402340870477945 -0.7146513941382256 -0.8411970175453127 -1.210413196003241
106 954 0 0 0 -1.1699806348410928 -2.347621111757558 -3.8424270324827163 -0.6977964809599175 -0.8484782980144996 -1.2313988286365007
107 963 0 0 0 -1.1698676736209273 -2.347636724531154 -3.842700408971476 -0.6955802069622825 -0.8497909289446962 -1.222888424987067
108 972 0 0 0 -1.1693485005454014 -2.347251862658407 -3.8423476391897093 -0.6882313667888069 -0.8465243519294479 -1.2301470275571236
109 981 0 0 0 -1.1685659367240742 -2.3470856685038024 -3.843178288543625 -0.6724866117467727 -0.8482207252124295 -1.255200492680864
110 990 0 0 0 -1.1683184097822477 -2.3471715497331873 -3.8436365149752234 -0.6681359605275854 -0.8498476926319097 -1.2493797863413632
111 999 0 0 0 -1.1674274718691207 -2.3471268267298306 -3.8447352826828642 -0.6515805155728983 -0.8515690134532529 -1.2703395454757496
112 1008 0 0 0 -1.1667112108273288 -2.346830393131606 -3.8449035358946926 -0.6411773375274461 -0.8499586399082022 -1.2864363798276273
113 1017 0 0 0 -1.1661582102117614 -2.346330289217273 -3.843922592550125 -0.6370828575369837 -0.843820781247785 -1.292804019346057
114 1026 0 0 0 -1.166121957679709 -2.345854754036 -3.84259980888351 -0.6391234304734971 -0.8388114034469919 -1.2992243244808588
115 1035 0 0 0 -1.1639549376300684 -2.344707078062684 -3.842319088950272 -0.6052235198233507 -0.8332420128436115 -1.3277181240399756
116 1044 0 0 0 -1.1614747062172144 -2.3437504843695263 -3.8428359692937533 -0.5651722415542645 -0.8274974590249471 -1.361360731310899
117 1053 0 0 0 -1.160686064030081 -2.3425501714488735 -3.8409119697389422 -0.5582858412761662 -0.8188509113787444 -1.381395893032264
118 1062 0 0 0 -1.1620872493526138 -2.3429247092187167 -3.8401134271717186 -0.5825743033126366 -0.8190192469229719 -1.3456582742245389
119 1071 0 0 0 -1.1601593492159685 -2.3416752549309194 -3.8388834214887977 -0.557060980624941 -0.8094964818246028 -1.3535457451563748
120 1080 0 0 0 -1.1589982312859164 -2.341514024297293 -3.8399620427175947 -0.5341730316165767 -0.8131400347828209 -1.387705201753301
121 1089 0 0 0 -1.1586395305548978 -2.341491456777561 -3.840204783903234 -0.5300216917456478 -0.8127097047057379 -1.3878221037348377
122 1098 0 0 0 -1.1576333082172472 -2.3416059440116936 -3.8414102680348887 -0.5125369291880872 -0.8150354096550183 -1.3896530427904532
123 1107 0 0 0 -1.1573563801491367 -2.340940616791422 -3.839467209845278 -0.5146085719672966 -0.8083061868902814 -1.3816976302298694
124 1116 0 0 0 -1.1560406715027742 -2.3402939145281536 -3.839373047873293 -0.4943532545224656 -0.8053185216075298 -1.3954181657359204
125 1125 0 0 0 -1.1552127998105917 -2.3406399297350444 -3.8407479265808147 -0.47862762561552596 -0.8099172976242119 -1.3959824507105336
126 1134 0 0 0 -1.1543950346788856 -2.340258694386376 -3.8407601941596257 -0.4654516027952864 -0.8078452359238055 -1.3850147450685515
127 1143 0 0 0 -1.154029829893639 -2.3398554785783485 -3.8394062113757137 -0.4663525732114325 -0.800210391396523 -1.400973000484469
128 1152 0 0 0 -1.1521707137739903 -2.339639474059859 -3.8407307871907936 -0.43334080022997556 -0.8029311723685649 -1.41375819246457
129 1161 0 0 0 -1.1529148033233505 -2.3405439468856226 -3.8422552901933726 -0.44230999325471315 -0.8118740274945371 -1.3839176139511298
130 1170 0 0 0 -1.1512694393068088 -2.340083759979093 -3.8425799755835257 -0.41769932410785376 -0.8092784354894864 -1.3962653744810343
131 1179 0 0 0 -1.1498782267444165 -2.33965162375729 -3.8426058599557833 -0.3980846081425628 -0.8067581572019904 -1.4072336343630614
132 1188 0 0 0 -1.1491940566303298 -2.3395414036375355 -3.8426939585557274 -0.3874642914092106 -0.8071852420989862 -1.4197126623180676
133 1197 0 0 0 -1.1486355792387992 -2.339790460688114 -3.8437004946971336 -0.3767334943748952 -0.8113809285696458 -1.442206433362101
134 1206 0 0 0 -1.1477901502555474 -2.3391187279655496 -3.842831411652502 -0.3649339876700649 -0.80719524419603 -1.4260992574070204
135 1215 0 0 0 -1.1463703768776559 -2.3390521008791874 -3.843693748066298 -0.3426679372519498 -0.8089011833341752 -1.439963323623474
136 1224 0 0 0 -1.14481233353503 -2.3388750788720754 -3.844159737005019 -0.3184248796505742 -0.8102881959201488 -1.487249804892447
137 1233 0 0 0 -1.1441336883036954 -2.3386164332909174 -3.8440388496922333 -0.30995738197329475 -0.8092615967473505 -1.49055020725897
138 1242 0 0 0 -1.1456828872886964 -2.338267601789818 -3.8421070803256514 -0.3360173036358459 -0.8023340279523214 -1.447915729283815
139 1251 0 0 0 -1.1449558059426193 -2.338757377970644 -3.8436178622944603 -0.32303016402882945 -0.8071608572659472 -1.4589154125328663
140 1260 0 0 0 -1.1462199216471085 -2.3384457449031126 -3.8416924251170634 -0.34699418249384173 -0.8003793757129151 -1.4430384236709135
141 1269 0 0 0 -1.1450573970911184 -2.338471759693967 -3.8428439240711287 -0.32733154764194183 -0.8033020715390193 -1.4563416156055862
142 1278 0 0 0 -1.1444079069455357 -2.338532083087896 -3.8433058293702778 -0.3159867399514626 -0.80494062430152 -1.468343590091812
143 1287 0 0 0 -1.144243839659749 -2.338694619045665 -3.8437835923494936 -0.31300875568925557 -0.8072310641483963 -1.4466307691005877
144 1296 0 0 0 -1.1431356113325815 -2.338070417481298 -3.8429385234229203 -0.29899404504168475 -0.802237202165645 -1.4445473335534036
145 1305 0 0 0 -1.1431468831747027 -2.338153381198392 -3.843237594691026 -0.2979206255160275 -0.8040087439564755 -1.4475191447053406
146 1314 0 0 0 -1.1430655497729827 -2.337996835903921 -3.8425100280081894 -0.2986969633475119 -0.800570427001859 -1.460852767637186
147 1323 0 0 0 -1.14205678890376 -2.337871280063675 -3.8429351284419244 -0.28379617828695136 -0.8010622049323249 -1.4840762311897877
148 1332 0 0 0 -1.1415630968830406 -2.3375577770315488 -3.8424886006381187 -0.2780436925298802 -0.7981763097146408 -1.478639738711101
149 1341 0 0 0 -1.1418143169071464 -2.3382479827353917 -3.843776343413159 -0.2797395275598625 -0.803937635268219 -1.481595781455066
150 1350 0 0 0 -1.1417401074317675 -2.3381706323633833 -3.8435210822326638 -0.2789428450471076 -0.8030734209315449 -1.4842922041779585
151 1359 0 0 0 -1.1403508060642293 -2.337824672425763 -3.843689745351228 -0.2587493017291374 -0.8021983062659988 -1.504642794257899
152 1368 0 0 0 -1.1403303513031202 -2.337902856011471 -3.84377977518106 -0.258293140377786 -0.8026279560738372 -1.5001268461761401
153 1377 0 0 0 -1.1399758826252249 -2.338157829506394 -3.844523381289549 -0.25240106803591605 -0.80598525872482 -1.5146634028826196
154 1386 0 0 0 -1.1384431473066003 -2.338106131751818 -3.8451007868404754 -0.23015956694654421 -0.8071620322084798 -1.54530943738389
155 1395 0 0 0 -1.1382756463039458 -2.3384933640913617 -3.846013487807862 -0.2257438340088147 -0.811212209109872 -1.5597359366735528
156 1404 0 0 0 -1.1370606625343007 -2.3383199251821605 -3.8463565687684267 -0.20820627161382219 -0.810204116163217 -1.5762716427717376
157 1413 0 0 0 -1.1367666766497264 -2.338271020741446 -3.8461393922522946 -0.20455352724039985 -0.8095041419009842 -1.5789885975768658
158 1422 0 0 0 -1.135905412758261 -2.3382860147034314 -3.8465392966512972 -0.19246161487187746 -0.8120295135718225 -1.5912673574378517
159 1431 0 0 0 -1.1346924525700814 -2.3384283398646173 -3.8474429632351614 -0.17387519366377618 -0.8156007046181395 -1.640924990127127
160 1440 0 0 0 -1.1348138158528034 -2.3388823668999468 -3.8484449258443854 -0.17470953558381225 -0.8180058809308967 -1.6555769831381244
161 1449 0 0 0 -1.13383997748058 -2.3394487210317467 -3.8501101916029326 -0.15825124479975267 -0.8247645080669438 -1.6789644238197503
162 1458 0 0 0 -1.132628429563444 -2.3387270732572847 -3.84862969295241 -0.14373766770164578 -0.8180645202681052 -1.7167341676296772
163 1467 0 0 0 -1.1304806803931515 -2.338873510157993 -3.8496419190498785 -0.11340830358705811 -0.8204430047285636 -1.8065758214370782
164 1476 0 0 0 -1.127787961977468 -2.338339734703632 -3.8486683400036505 -0.07798313985281843 -0.8165868893502619 -1.9102208939519607
165 1485 0 0 0 -1.127338025718818 -2.33809445040183 -3.8482137341245632 -0.07235972969576042 -0.8131876564209212 -1.9365985959259504
166 1494 0 0 0 -1.1266650825921067 -2.337531023902809 -3.8470510866724137 -0.06322546469730021 -0.8084002139133059 -1.9630111704820874
167 1503 0 0 0 -1.1226498552474737 -2.3373052937166348 -3.8476295533999845 -0.008159882504707908 -0.8093660760559883 -2.0324515447052955
168 1512 0 0 0 -1.1274182939112618 -2.337869899348752 -3.847440427787306 -0.0759043063530747 -0.8117394513510189 -1.8699567871054072
169 1521 0 0 0 -1.1287640394250469 -2.3383084635637053 -3.8485211237589443 -0.09101058179455758 -0.818221713896065 -1.8087124287389886
170 1530 0 0 0 -1.1303514056626964 -2.3382490479050233 -3.847770647418817 -0.11504557386328369 -0.8172577332594702 -1.7274408821166904
171 1539 0 0 0 -1.128808562205699 -2.3377637894050385 -3.8468618567304698 -0.09591344193040055 -0.8098067663144065 -1.8311560430270182
172 1548 0 0 0 -1.1282544779032482 -2.3381512334424763 -3.847678521888619 -0.08764286980428164 -0.8117491247551921 -1.8501143982518558
173 1557 0 0 0 -1.1276785505018991 -2.3385907889436846 -3.848786435236801 -0.07808348675877094 -0.8165547316679925 -1.877587520056565
174 1566 0 0 0 -1.12544887720144 -2.339018979179531 -3.850567254885047 -0.045621801513449245 -0.8232272509447562 -1.9371918455068564
175 1575 0 0 0 -1.1245630944521012 -2.3390632140089025 -3.8507400927468667 -0.032551148946623996 -0.823608880552153 -2.0045681905792327
176 1584 0 0 0 -1.124113202547804 -2.3387013378894883 -3.849957977374256 -0.027963034913273243 -0.8209283212794584 -2.021102062636057
177 1593 0 0 0 -1.1236232965607198 -2.3388795595017227 -3.85043770474052 -0.02036010386672286 -0.8239035892561897 -2.0414160136822175
178 1602 0 0 0 -1.1230087456764575 -2.33876707353407 -3.8502224867404418 -0.011879083077348493 -0.8217133260048922 -2.079225984172374
179 1611 0 0 0 -1.1231215094440168 -2.3388759360913265 -3.850253687864984 -0.013407226128425577 -0.8235567750217383 -2.0576948898971956
180 1620 0 0 0 -1.1226459248073493 -2.33886548789269 -3.850239987956371 -0.006170550740667554 -0.8237833832571376 -2.065079728704968
181 1629 0 0 0 -1.1220915431157785 -2.3392780029822626 -3.851510833630049 0.0033741046598251227 -0.8292348946256644 -2.1045871861393635
182 1638 0 0 0 -1.1223090710799157 -2.339328835666037 -3.8514806148706557 -0.0004959146071519165 -0.8273182256750554 -2.0736024677652694
183 1647 0 0 0 -1.1226934871210663 -2.339073578261579 -3.8506812785558813 -0.006505313478416139 -0.8245599869129866 -2.096221717771433
184 1656 0 0 0 -1.1214803467951808 -2.3388046548348904 -3.850166527722881 0.009020792388201266 -0.8227283733428408 -2.1162135383648972
185 1665 0 0 0 -1.1200378603676824 -2.3392185179933036 -3.8513636245125 0.03044839560883353 -0.8280193378618864 -2.1559892987235734
186 1674 0 0 0 -1.1205095451729374 -2.3389858579697447 -3.85075850522465 0.023142983426076347 -0.8251923070824625 -2.129125315724393
187 1683 0 0 0 -1.1210946551967085 -2.339154541608972 -3.8509767916468918 0.01451762571078442 -0.8253650879693482 -2.1193296981415477
188 1692 0 0 0 -1.1198655346946222 -2.3391626394285043 -3.8511184887275483 0.03173389153119351 -0.8264081005519993 -2.1403976443224693
189 1701 0 0 0 -1.1202674799018189 -2.3392183198166574 -3.8510853859264986 0.02607446818881439 -0.8261550754307215 -2.0994845397819297
190 1710 0 0 0 -1.1203997072060632 -2.3391370687574264 -3.8507282668655662 0.02397083824672996 -0.8249629898108775 -2.091379033960929
191 1719 0 0 0 -1.120622749274175 -2.3391827125845333 -3.8507498899757215 0.02043007240284791 -0.8252183432358631 -2.0431369452821775
192 1728 0 0 0 -1.1193137608039483 -2.3392474372361733 -3.8510412778844456 0.03923815863857545 -0.82623576807148 -2.117243736107047
193 1737 0 0 0 -1.1187183397606344 -2.3389746640142683 -3.8504621026982995 0.046427542897501915 -0.8242824362713796 -2.13339835117127
194 1746 0 0 0 -1.1187954149816763 -2.3391750744541553 -3.8508597817185777 0.0452824825335971 -0.825573603183235 -2.1157949567806367
195 1755 0 0 0 -1.1184386636322232 -2.339409948372006 -3.8513677177340426 0.05004061095895995 -0.8275032724472351 -2.1224780569078137
196 1764 0 0 0 -1.117887466433727 -2.3396660929895075 -3.8519441990864225 0.058459166981333965 -0.8300745441973413 -2.13095984460382
197 1773 0 0 0 -1.1172080332342411 -2.339883048286162 -3.8525336795717067 0.06883286888307152 -0.8324447717704841 -2.1481602741207215
198 1782 0 0 0 -1.1160507182521084 -2.33997284482695 -3.8525602719944136 0.08389504178724606 -0.8331582083976455 -2.1689630190455578
199 1791 0 0 0 -1.11486925109185 -2.3399338937945204 -3.8523742238348806 0.10015166670317581 -0.8330589426659345 -2.2071514439486952
200 1800 0 0 0 -1.1144409943678373 -2.3401220165469234 -3.8527495565049428 0.10631674383869685 -0.834473258544818 -2.20037490333256
201 1809 0 0 0 -1.113934081016926 -2.3401185578743453 -3.8527859179599204 0.11314825438794465 -0.8347523213325277 -2.240081047500254
202 1818 0 0 0 -1.1131452188490192 -2.340415763984325 -3.8533888596904173 0.12324456226309825 -0.8373576688867065 -2.2285422283727794
203 1827 0 0 0 -1.113354314867998 -2.3403266475916813 -3.8531808502090885 0.11947823712819217 -0.8375982301148337 -2.1785217440700038
204 1836 0 0 0 -1.1118622459488345 -2.340413836246484 -3.8532357468225626 0.13898348171328198 -0.8385261974795452 -2.2063921596212475
205 1845 0 0 0 -1.111276922626994 -2.341007895169747 -3.85448635164518 0.14726706737430562 -0.8438175672890609 -2.143439968684072
206 1854 0 0 0 -1.1108908593785891 -2.341585268073957 -3.855595901268377 0.15199113972845837 -0.8476740781926978 -2.167340875423667
207 1863 0 0 0 -1.1093023208018666 -2.3419536950699804 -3.8560637784506753 0.17355945785015386 -0.8507915511175961 -2.211937157852689
208 1872 0 0 0 -1.1071567055426892 -2.3418572622687703 -3.8554705473244493 0.20148679987921406 -0.8509761486131626 -2.2359896049351096
209 1881 0 0 0 -1.1100798886236865 -2.3412922713326845 -3.8545871267536094 0.16337702398236148 -0.8451891763775714 -2.2789336796257342
210 1890 0 0 0 -1.108509063911643 -2.3423245834737645 -3.8564602433948583 0.18386552410353002 -0.8517797653747192 -2.1675799107986697
211 1899 0 0 0 -1.1074663176522828 -2.342556885723431 -3.8568081377023606 0.19773331811746334 -0.8532962937440687 -2.1434848929553794
212 1908 0 0 0 -1.1066940440210262 -2.3430557734395236 -3.8576090244982923 0.2069789967969347 -0.8567914080279344 -2.078239700119746
213 1917 0 0 0 -1.106239841406611 -2.3425337040611076 -3.8564824523908197 0.21364970803927488 -0.8529796049889425 -2.185036317799369
214 1926 0 0 0 -1.1060067076319517 -2.342901003580106 -3.8573192209422116 0.2185006069487719 -0.8565183853120644 -2.181929103689343
215 1935 0 0 0 -1.1040215749047548 -2.343731079844289 -3.858528928081029 0.2432331952484836 -0.8626578046503388 -2.1678086601485407
216 1944 0 0 0 -1.1044455944936822 -2.3440030409648487 -3.859001482947132 0.23533353538528637 -0.863973377511133 -2.0637348540808995
217 1953 0 0 0 -1.10380997182851 -2.3446893295042774 -3.860414615702204 0.24509840104892353 -0.8709990131766454 -2.037893203110551
218 1962 0 0 0 -1.1031563530573891 -2.344091455002048 -3.8588846048688663 0.25442322042183 -0.8666032606297344 -2.168931716037322
219 1971 0 0 0 -1.1011386195375736 -2.345268225173612 -3.860972820788416 0.2813682687502251 -0.8768789142456245 -2.056477984188759
220 1980 0 0 0 -1.1020845100551293 -2.344227214257184 -3.858840370423847 0.26812680126276417 -0.8674179873304995 -2.119402502365079
221 1989 0 0 0 -1.1034586532221913 -2.343524282262588 -3.85758919913169 0.25069660909984315 -0.8613078609116764 -2.1460407494758025
222 1998 0 0 0 -1.1020288888697927 -2.3442813309105235 -3.858834205167665 0.26992012293212203 -0.867697099246087 -2.1318906114277
223 2007 0 0 0 -1.1005945065685385 -2.345099899614499 -3.860134975077477 0.28878708770821504 -0.8741408837374178 -2.110514585984658
224 2016 0 0 0 -1.0987718161192257 -2.3460622465736365 -3.8615582709431 0.31135063817231695 -0.8809381800442212 -2.088312813020899
225 2025 0 0 0 -1.0989627270950042 -2.345574421569007 -3.860511288905879 0.3082055848059376 -0.8768093422651949 -2.098153746629033
226 2034 0 0 0 -1.0973332057259866 -2.346112814862543 -3.8611105324483086 0.3303567387279886 -0.8808230431987162 -2.129968803204945
227 2043 0 0 0 -1.0966169937242765 -2.3461675209085184 -3.8608229491704646 0.3388829235801432 -0.8812895718571595 -2.1453797419067464
228 2052 0 0 0 -1.0955282190359967 -2.3469945838172466 -3.862134563488818 0.3508327408759753 -0.8884978374011561 -2.108311800467251
229 2061 0 0 0 -1.094556780823138 -2.3475375757946373 -3.863028584280802 0.36325935754539573 -0.8926094533692756 -2.0775926178733486
230 2070 0 0 0 -1.0951772610724888 -2.348001384981883 -3.8639889401644876 0.3555203537242562 -0.8952429281455152 -2.0466314505034546
231 2079 0 0 0 -1.0940899385323257 -2.348547284286625 -3.8650045258684975 0.36838385202496354 -0.8997380683449995 -2.024337686659384
232 2088 0 0 0 -1.0946277577598018 -2.3485863758553265 -3.86517184827759 0.3619370160732998 -0.8997457377479029 -2.082924598599588
233 2097 0 0 0 -1.095570723738855 -2.3486067731631985 -3.8655084568406437 0.3486017776057307 -0.8993690468676317 -2.0748806182547366
234 2106 0 0 0 -1.0935860291815642 -2.3495307618856285 -3.8669740527263836 0.37443297002163173 -0.9100639664448389 -2.000805595890384
235 2115 0 0 0 -1.0939328579565053 -2.348576741158621 -3.8650619317364634 0.3701911163681404 -0.9014078410816032 -2.1358376910707646
236 2124 0 0 0 -1.093886579390304 -2.3490208321955888 -3.865914156412716 0.36940240230423654 -0.9056386434110147 -2.133636151965307
237 2133 0 0 0 -1.0929093918994155 -2.3494838502663917 -3.8665524992217835 0.381588529294247 -0.9086563000630956 -2.055087479003014
238 2142 0 0 0 -1.0928641081160195 -2.349390141878387 -3.866365606351903 0.38296344115038383 -0.9094162806958046 -2.0960229741328003
239 2151 0 0 0 -1.0918236791560412 -2.350092848917587 -3.8674379380881034 0.3956018599103459 -0.9145869372212025 -2.0723263226846536
240 2160 0 0 0 -1.0921393563589998 -2.3499375982041752 -3.8671015664955126 0.391294444848375 -0.9127463855625424 -2.0579021463207807
241 2169 0 0 0 -1.0923688784846401 -2.349922846082033 -3.867156079477847 0.38860802280462625 -0.9125632049793778 -2.0467922259956284
242 2178 0 0 0 -1.0917155926013438 -2.3504320348251913 -3.8679402488383747 0.3964118335851945 -0.9163757582677181 -2.049212125266101
243 2187 0 0 0 -1.0914879807039704 -2.3506321642202606 -3.868307731431069 0.39906352265131695 -0.9177872394334132 -2.0231154717532096
244 2196 0 0 0 -1.091229008419597 -2.350954140664695 -3.868872720255212 0.40246983753749366 -0.9205346095561797 -2.0314964243986733
245 2205 0 0 0 -1.090731434994888 -2.351506441558156 -3.869772760941882 0.40866430831163975 -0.9249200192078741 -2.058641731822851
246 2214 0 0 0 -1.0899238507955535 -2.3516959531871864 -3.869680566474916 0.4189636693965363 -0.9259585492705237 -2.1301176931887804
247 2223 0 0 0 -1.0890133286243278 -2.3522155785380696 -3.8703701682910876 0.4299859644342929 -0.9305662620217608 -2.109517211801129
248 2232 0 0 0 -1.0879245150148622 -2.352826869236191 -3.870972223235577 0.4435712688551628 -0.933668616279334 -2.16259309488184
249 2241 0 0 0 -1.087496511322384 -2.353329437914269 -3.871867972357786 0.4475042269864727 -0.938627532380789 -2.152792879806715
250 2250 0 0 0 -1.0869818872268477 -2.353115195924079 -3.871215819137474 0.45466255139001244 -0.9367923671899702 -2.141193498227519
251 2259 0 0 0 -1.0868236091631218 -2.3534509454251307 -3.8718907740790742 0.4568886187826951 -0.9391447720444144 -2.1457797986022635
252 2268 0 0 0 -1.0878239705578898 -2.352587089898133 -3.8703515946669045 0.4454289219521599 -0.9309437467422319 -2.2659200113418287
253 2277 0 0 0 -1.0872790479375962 -2.3529255496825234 -3.8707559332198205 0.4523459678353101 -0.9347018548325323 -2.2769863314810306
254 2286 0 0 0 -1.0868395824474677 -2.353962807450494 -3.8727317068281333 0.4558180205924781 -0.9432571049380537 -2.234269094298639
255 2295 0 0 0 -1.0859253225333674 -2.35474091817478 -3.873808257922339 0.466804046513364 -0.9476744022159754 -2.2235836945534246
256 2304 0 0 0 -1.0853903090650496 -2.3553572076815614 -3.874883146371835 0.4723670512723921 -0.9529460357645995 -2.1929602074918058
257 2313 0 0 0 -1.0855279117825036 -2.355687367681624 -3.8757647474834167 0.4690820972182958 -0.9564867625016323 -2.15195158184761
258 2322 0 0 0 -1.0855193863314985 -2.355953217766129 -3.876277327290449 0.46831680672544906 -0.958192884331955 -2.1470462029196784
259 2331 0 0 0 -1.08452343260594 -2.3566524773770645 -3.8771502754601275 0.4808233807336902 -0.9630777451424672 -2.1774095571950243
260 2340 0 0 0 -1.0843197481852016 -2.3564722589983376 -3.8764926276861713 0.48441131010497596 -0.960400028314149 -2.20668363187597
261 2349 0 0 0 -1.083933844590347 -2.3564964297167905 -3.8762235207038986 0.48989874924063187 -0.9589773288994368 -2.2785251101123745
262 2358 0 0 0 -1.082984401552721 -2.357595654210597 -3.87793398693718 0.5014328197218245 -0.9672471077314964 -2.308716478078938
263 2367 0 0 0 -1.0822998313128254 -2.35810505348235 -3.878500614663243 0.5090530596982731 -0.9704947754041754 -2.285053720649707
264 2376 0 0 0 -1.081283458451012 -2.358986025487553 -3.8796479847816667 0.5211714101908945 -0.9772602766012513 -2.2620906011787674
265 2385 0 0 0 -1.0807778059353041 -2.3594622823389737 -3.880314296863598 0.5273932644865157 -0.98166227528153 -2.235222338437214
266 2394 0 0 0 -1.0797830961375878 -2.360351529070536 -3.881521093055375 0.5386795319288427 -0.9877315266521397 -2.313419056949406
267 2403 0 0 0 -1.0801188454283985 -2.360381096093926 -3.8816736938144247 0.5335831921340524 -0.9864281662546236 -2.2865571801620224
268 2412 0 0 0 -1.0804825291151443 -2.360272983863788 -3.8815169961359435 0.5277901137875282 -0.9855363256053902 -2.299858467153566
269 2421 0 0 0 -1.0793815219465874 -2.3618499604953938 -3.884371799669409 0.5378368115924298 -0.9985131578357458 -2.3054791804512917
270 2430 0 0 0 -1.0784011839543657 -2.363135433690224 -3.8862216923746917 0.548506162656991 -1.0076077050553656 -2.371548100004791
271 2439 0 0 0 -1.0779968678685472 -2.3634734697403554 -3.8867041087636434 0.5533773339079544 -1.0106354947991012 -2.3633923830384944
272 2448 0 0 0 -1.0772016638607984 -2.365523821775359 -3.8905222616672006 0.5589684109253416 -1.0267226019879854 -2.3480703169837027
273 2457 0 0 0 -1.076045771168026 -2.3667498976958803 -3.892386287555168 0.5711696256392792 -1.036580787151865 -2.3030582438451415
274 2466 0 0 0 -1.0753248674969749 -2.3670833518679775 -3.892195115554213 0.5811511901855954 -1.0360305789513262 -2.3079079510301166
275 2475 0 0 0 -1.0739222263505797 -2.369206944392678 -3.895543412554473 0.5951850905044054 -1.0519698266795685 -2.328386749071232
276 2484 0 0 0 -1.0727601702184304 -2.37043003169548 -3.897260063802654 0.6085450251591876 -1.06010081193716 -2.3399675385912606
277 2493 0 0 0 -1.0730727702284568 -2.369406928997741 -3.8950869761132174 0.6076853460650331 -1.0499203232808425 -2.476805920482144
278 2502 0 0 0 -1.0721211115446008 -2.37185925273951 -3.8996802993780717 0.6125987707638315 -1.0679822103757712 -2.286112064566205
279 2511 0 0 0 -1.07093335819377 -2.3739857761630336 -3.9028577446001775 0.623833613254006 -1.0822889858704745 -2.2903578356629084
280 2520 0 0 0 -1.0700524057823382 -2.3751655299406065 -3.9047124505843174 0.6320455111654761 -1.0910982857863862 -2.2693291607977106
281 2529 0 0 0 -1.0711063349776586 -2.374868844552337 -3.9049704912777052 0.6185139706488042 -1.0891442819611485 -2.238924628452846
282 2538 0 0 0 -1.0703247212276445 -2.3750089862919905 -3.90460553430428 0.6282302109061615 -1.0900246054163842 -2.331372945155611
283 2547 0 0 0 -1.0697653952271375 -2.375972852558568 -3.906249522820804 0.6334207347512446 -1.0974549560514937 -2.348101007249704
284 2556 0 0 0 -1.0702864307969246 -2.3753575736101458 -3.9052966711454116 0.6282948248093334 -1.0935835128611469 -2.280827087746143
285 2565 0 0 0 -1.0702718585470001 -2.375327393121482 -3.905062233355222 0.6295803332196633 -1.0919760743581315 -2.2853054477612593
286 2574 0 0 0 -1.0690791893130347 -2.376727396557778 -3.9068895358426987 0.6427466396227208 -1.1009495510094416 -2.3495308868463423
287 2583 0 0 0 -1.0681512718075672 -2.3783153596730333 -3.9092710247695135 0.6521940983224366 -1.1111565327811115 -2.4118431028180676
288 2592 0 0 0 -1.0678165883660289 -2.3799608679972493 -3.9122876770714763 0.6524584331526098 -1.1227269004891476 -2.3024757724444216
289 2601 0 0 0 -1.067106663518799 -2.3820576695874123 -3.916094659164929 0.6562892426885741 -1.1375428331019268 -2.2501324399386515
290 2610 0 0 0 -1.0677328811742575 -2.380605363203019 -3.91349715859027 0.6524275120203888 -1.1273094245689788 -2.3276666600920835
291 2619 0 0 0 -1.0671095390389596 -2.3811785928826 -3.9137493388790494 0.6616058874276162 -1.1298978650842735 -2.353549470058838
292 2628 0 0 0 -1.0660018917319702 -2.3830404977883664 -3.916337813752734 0.6737363193084408 -1.1400894799951407 -2.3736972764702795
293 2637 0 0 0 -1.0656412244036209 -2.3843256734747107 -3.9188127615454635 0.67470537680481 -1.1501937478614563 -2.306404448680958
294 2646 0 0 0 -1.0644322482317186 -2.3871630767904057 -3.923390604497994 0.6855733577743068 -1.1677005150555646 -2.287318513919614
295 2655 0 0 0 -1.0637034137480328 -2.3884565110647555 -3.925408817510878 0.6917276283883076 -1.1764861987092947 -2.397942122931548
296 2664 0 0 0 -1.0633589437599573 -2.3890654268777194 -3.926316918307866 0.6944272129531222 -1.1812781748555528 -2.4151812597961406
297 2673 0 0 0 -1.063125512866218 -2.3894777342773215 -3.9267752701638226 0.6969367737454758 -1.1831671811536864 -2.4445289713086207
298 2682 0 0 0 -1.06385072888719 -2.3883331171918893 -3.9253086202226357 0.6891152969836387 -1.1761837821565386 -2.3857057986852577
299 2691 0 0 0 -1.064129724283371 -2.388024462016106 -3.9248440098697612 0.6855497449524959 -1.1741959293831103 -2.3529156482738975
300 2700 0 0 0 -1.0637769121366616 -2.3891602321090852 -3.926892482341085 0.6880622606327542 -1.182347196153228 -2.3557200243689493
301 2709 0 0 0 -1.063410834397629 -2.3895851680405915 -3.9272615986398676 0.6935529708652823 -1.1839107614260136 -2.368408429125058
302 2718 0 0 0 -1.063023384102976 -2.3902111710041143 -3.928129885494701 0.6975071010516459 -1.187777071845142 -2.37176543512514
303 2727 0 0 0 -1.062671360342178 -2.390874415612614 -3.9290409696762616 0.7007526575176478 -1.1919752816845481 -2.39024733139252
304 2736 0 0 0 -1.062566086901363 -2.391231166973178 -3.929616224303236 0.7016187768386807 -1.1944871086218993 -2.3667933629683837
305 2745 0 0 0 -1.0623099233893538 -2.3920203327284257 -3.9308581127188185 0.7035212992020491 -1.199437367006951 -2.3580276104944975
306 2754 0 0 0 -1.061703144304535 -2.3930058877007627 -3.9321982298084506 0.7096409350406474 -1.204778196745572 -2.387208912624664
307 2763 0 0 0 -1.0609355309068713 -2.394765352403473 -3.934878111536675 0.7168760922534971 -1.2155629393446052 -2.3777594230552905
308 2772 0 0 0 -1.0603048598820828 -2.3960641231018953 -3.936728029196186 0.7234008184595307 -1.2235205410590992 -2.3619288930046847
309 2781 0 0 0 -1.0602592624855631 -2.3962709301773923 -3.9370218506970116 0.7234622616388188 -1.224459532093546 -2.348314305777031
310 2790 0 0 0 -1.0601592417441645 -2.3971833724389926 -3.9385588121799886 0.7239808249380076 -1.22962889370153 -2.3331300191482978
311 2799 0 0 0 -1.0592328561370608 -2.3989015162240412 -3.940933814076838 0.7333128133387466 -1.2397644011885072 -2.3346811661836364
312 2808 0 0 0 -1.0586566175233652 -2.4000338011040645 -3.94225718882433 0.7402141243729417 -1.2450745111587882 -2.2673192794511827
313 2817 0 0 0 -1.0579492161531767 -2.4020328568269584 -3.9454685314306346 0.7455735494974556 -1.2579471720886268 -2.2309665483838854
314 2826 0 0 0 -1.0574954044697407 -2.4030358680108668 -3.9468424076173316 0.7507076690740361 -1.26357460733787 -2.247664756257087
315 2835 0 0 0 -1.057371866245815 -2.4027928936944196 -3.946103503088203 0.7537595093124188 -1.2613333400277635 -2.2502724400722607
316 2844 0 0 0 -1.0571040455742262 -2.403797101165531 -3.9474738944959675 0.7569598618104842 -1.2663186876108803 -2.2340248693458045
317 2853 0 0 0 -1.0567440183527173 -2.4055446531151006 -3.950789148225914 0.7569917658909832 -1.2788247327761701 -2.2462379772419
318 2862 0 0 0 -1.0556826020806633 -2.406768873748673 -3.9517692117334415 0.7700320706572099 -1.2845641405833579 -2.318956545899509
319 2871 0 0 0 -1.056033405884085 -2.405566653347762 -3.9497070567070827 0.768545901524825 -1.2760786567752698 -2.401294524239153
320 2880 0 0 0 -1.0558802029361352 -2.406530071739727 -3.9512551770508275 0.7705983425544497 -1.281509884869794 -2.3859789491590004
321 2889 0 0 0 -1.055478653134913 -2.4072642358232303 -3.9519010816762687 0.7761373461512109 -1.2847868038379544 -2.3601042112564556
322 2898 0 0 0 -1.0545093655341702 -2.4082486022886656 -3.9526024090398337 0.7891192885963287 -1.2892673917174777 -2.3213624905997565
323 2907 0 0 0 -1.0531392939743223 -2.4118387072848284 -3.9576252368619316 0.8028469796452085 -1.310144407115696 -2.2575734876094167
324 2916 0 0 0 -1.0533300912100185 -2.4109680222893233 -3.9559565162350974 0.8017533273667042 -1.304012230996426 -2.271334297195054
325 2925 0 0 0 -1.0514872438032419 -2.4145348192175504 -3.9602409189007632 0.8243681297839436 -1.3227412228371218 -2.2084135597819716
326 2934 0 0 0 -1.0504816300605944 -2.4177628753448044 -3.964640904187697 0.8368555098160367 -1.3394280526504296 -2.1729840321750062
327 2943 0 0 0 -1.0506916079149113 -2.4170294686465477 -3.963379678118781 0.834683261639459 -1.3351263753971507 -2.210733478276304
328 2952 0 0 0 -1.0507723890362635 -2.4177233281171375 -3.965236429772623 0.8309332327403505 -1.341815328600242 -2.191187756276706
329 2961 0 0 0 -1.0495636615299877 -2.4203918475797206 -3.968657795661058 0.8445744546424494 -1.3555813011700428 -2.1705409260372193
330 2970 0 0 0 -1.0504548426045461 -2.4191578179406013 -3.967482572176734 0.8342521416913373 -1.3488666809339558 -2.270121679898408
331 2979 0 0 0 -1.0503658958013875 -2.4183710242366616 -3.9658192975297015 0.8356735239111727 -1.3435109827420515 -2.3828487150915945
332 2988 0 0 0 -1.0496179503096756 -2.419733881915951 -3.9671317032928646 0.8454491837715263 -1.3499051307446879 -2.303628608572568
333 2997 0 0 0 -1.0493085651528626 -2.420540691301024 -3.968300431770636 0.8478287505574704 -1.354728803146039 -2.324302631730732
334 3006 0 0 0 -1.0491105918709915 -2.4212527562223984 -3.9693746297193258 0.8498581645515879 -1.3592507806765934 -2.373673321806125
335 3015 0 0 0 -1.0486774343547032 -2.421287015742339 -3.968434913946028 0.858525146485021 -1.3570565937853751 -2.4178739740423905
336 3024 0 0 0 -1.047435097583607 -2.424537582388215 -3.972922266868323 0.8716280469961778 -1.37475259705918 -2.41797544899477
337 3033 0 0 0 -1.0487463638110799 -2.4218319069497545 -3.969685996666006 0.856679747042113 -1.3607191060424084 -2.382666772039216
338 3042 0 0 0 -1.0482578608010416 -2.422296176335836 -3.969711333130316 0.8644159468619654 -1.3627099439669577 -2.3323445086164982
339 3051 0 0 0 -1.0479578288106495 -2.4229786449757094 -3.9704829332024456 0.8679984481384223 -1.365785791706807 -2.3344802661543165
340 3060 0 0 0 -1.0473490453759964 -2.4244357253564655 -3.9723230435136947 0.8750031599164074 -1.373441844062231 -2.355814928475776
341 3069 0 0 0 -1.0472481806388538 -2.425108775829822 -3.9732822348622596 0.8762505685524715 -1.377134825011011 -2.3562679400000004
342 3078 0 0 0 -1.0467567340418376 -2.4268465223631313 -3.9758312576710964 0.8819803070901493 -1.3867163400643232 -2.274473093662754
343 3087 0 0 0 -1.0470556419880743 -2.4263076349042803 -3.975189009136327 0.8787363766325733 -1.3840759372858602 -2.2984027909458407
344 3096 0 0 0 -1.0466649722866546 -2.4279112582970086 -3.9775569397143293 0.8824543493052809 -1.392532071826779 -2.336157967170945
345 3105 0 0 0 -1.046446784024614 -2.428442879169101 -3.9782000430198288 0.8852174586023588 -1.3952623715144097 -2.320976954436746
346 3114 0 0 0 -1.0460533447107059 -2.4299582789229976 -3.980406663180408 0.8889864249694174 -1.403371328998496 -2.3218647052274646
347 3123 0 0 0 -1.045827098798986 -2.4299564504708 -3.9798743301905986 0.8936318054211401 -1.4019964018619555 -2.3310702357497983
348 3132 0 0 0 -1.045001123170563 -2.432111882749762 -3.982316698599044 0.904776192521137 -1.4125724292772444 -2.3181532994284724
349 3141 0 0 0 -1.0440913038256432 -2.4346005395530823 -3.9852656708597007 0.9166659941440936 -1.424327785884185 -2.3757843940620087
350 3150 0 0 0 -1.0430570847830003 -2.4379496019909346 -3.9895296287031274 0.9306572520705366 -1.4414880485641217 -2.3025200465670665
351 3159 0 0 0 -1.0424240292456843 -2.4390253124887242 -3.9901080136037663 0.9420730541037828 -1.4448095182396412 -2.3124296538437803
352 3168 0 0 0 -1.041416017081416 -2.443156097847548 -3.9956162924511207 0.9555987694891006 -1.466818722110678 -2.2460653673016813
353 3177 0 0 0 -1.040421420943493 -2.4440646148118237 -3.99545284248263 0.9718662219964507 -1.4688412404663278 -2.3198354754265105
354 3186 0 0 0 -1.0405207311658877 -2.4435237229724773 -3.9938265199778615 0.9754152497184412 -1.4632878356909074 -2.2889662807260134
355 3195 0 0 0 -1.041617503274753 -2.4405702136915006 -3.9899641664838494 0.9636807065696631 -1.4477118251872179 -2.34396277321065
356 3204 0 0 0 -1.0396599820900603 -2.4469968828887514 -3.998069208407778 0.9900626533158858 -1.4800993895438963 -2.247575107096388
357 3213 0 0 0 -1.0382905622182403 -2.4520117558243113 -4.004428109005885 1.0085378559313956 -1.5043722405435982 -2.374312300356296
358 3222 0 0 0 -1.0390945429977858 -2.449423909017872 -4.000988391064463 0.9990247649666382 -1.491632231282422 -2.259212479459519
359 3231 0 0 0 -1.037839656450987 -2.4531558282047436 -4.00514800904156 1.0176680322123852 -1.508890723950972 -2.29319204897287
360 3240 0 0 0 -1.037948799666936 -2.4516849388624635 -4.002624513675275 1.0170310914895364 -1.50025756413166 -2.4121260084495857
361 3249 0 0 0 -1.0372833925811258 -2.4518303206082837 -4.000982235191707 1.0320544578007256 -1.4961143578918772 -2.4346239520583595
362 3258 0 0 0 -1.0377406871990398 -2.452472989015188 -4.003382642049893 1.022033092185492 -1.5031132401554421 -2.4432984875029837
363 3267 0 0 0 -1.037280654190435 -2.453674057329949 -4.004933896916478 1.0284536698555948 -1.509936582081825 -2.4080240378663245
364 3276 0 0 0 -1.0376963250267166 -2.452214310207775 -4.00295567519362 1.02281536826526 -1.5023618688884761 -2.3731786299448108
365 3285 0 0 0 -1.0379774383976663 -2.4520927676131787 -4.003215368377981 1.0184813304561084 -1.5024750588053601 -2.3929275461596684
366 3294 0 0 0 -1.0374024914511992 -2.454634320812159 -4.006502660057622 1.027332393094737 -1.5148533198479943 -2.410661809862398
367 3303 0 0 0 -1.0365045118453828 -2.456908078753716 -4.008180007089129 1.044830169022778 -1.5235109466754255 -2.378489920579155
368 3312 0 0 0 -1.03586836332177 -2.4588806281601068 -4.01016584275741 1.0564273518111855 -1.53243137548962 -2.357095650844615
369 3321 0 0 0 -1.0349981772444474 -2.4601262177369745 -4.010200524895706 1.0731033605692735 -1.535017208620805 -2.356743488645839
370 3330 0 0 0 -1.0345855184224013 -2.461046491872088 -4.010707076080655 1.0814428018598021 -1.538537106846465 -2.341024264861872
371 3339 0 0 0 -1.0349571042677757 -2.4598099438549745 -4.009737339820182 1.0727563633870576 -1.5337106990040141 -2.338485956054879
372 3348 0 0 0 -1.0348742600281937 -2.4611084561906016 -4.011569510439535 1.074857378196881 -1.5401446380532038 -2.3430362045475888
373 3357 0 0 0 -1.0339962013147859 -2.463975631401109 -4.014094072021147 1.0926890371197808 -1.5516838101447312 -2.3184806908322058
374 3366 0 0 0 -1.0333972300631107 -2.465392911879533 -4.0150043361929075 1.1049235428287658 -1.5566629379285595 -2.3614343041340744
375 3375 0 0 0 -1.033810746181593 -2.4652396988505147 -4.015798908380991 1.096668074540272 -1.5582929168223945 -2.4031542296928854
376 3384 0 0 0 -1.0334974176819576 -2.4666012572539575 -4.016829120346827 1.1055607488619459 -1.5629049412953009 -2.3683350642637246
377 3393 0 0 0 -1.0333394834309928 -2.468009696016776 -4.019074360784754 1.1067648626013409 -1.57092390071921 -2.428465642864596
378 3402 0 0 0 -1.0333399535362624 -2.4672911501003325 -4.0177532715785516 1.1078524874478202 -1.5661573297465698 -2.4168458311755567
379 3411 0 0 0 -1.0329391933608219 -2.468473486160656 -4.01860963367917 1.1166840789585255 -1.57056421032241 -2.437938502503232
380 3420 0 0 0 -1.0327027657414385 -2.468688556890249 -4.018373035724833 1.1214499482030962 -1.5707892370820968 -2.4166842066985974
381 3429 0 0 0 -1.0323849149790525 -2.4704111662105026 -4.02029498764773 1.1284428839265233 -1.578271929749763 -2.422188045996382
382 3438 0 0 0 -1.0322158779089121 -2.470486027984046 -4.019719602851395 1.133235090223681 -1.577273223484498 -2.382884401599233
383 3447 0 0 0 -1.0319707402892146 -2.470977328054451 -4.019995145813814 1.1380266151715406 -1.5788145896057326 -2.387755558121193
384 3456 0 0 0 -1.0316974886054768 -2.47248015231358 -4.021621478827258 1.1445568274759697 -1.5858059752949425 -2.3804942697845215
385 3465 0 0 0 -1.0316395052116154 -2.4737541141582726 -4.023465986335424 1.1467870734183485 -1.5916438925902812 -2.3820635363672324
386 3474 0 0 0 -1.0314720682940257 -2.475019230633662 -4.025097427209895 1.1500974767034142 -1.5977606883720927 -2.4460214091556116
387 3483 0 0 0 -1.031663609128008 -2.4752330047446316 -4.026050853903251 1.145851777897447 -1.5999125314596994 -2.500590225769899
388 3492 0 0 0 -1.0314054975996985 -2.4770147385912797 -4.028275952613883 1.1522586595623237 -1.6082837983757872 -2.495895334425071
389 3501 0 0 0 -1.0313587042030852 -2.4774612578544604 -4.02881710786317 1.1547573882250923 -1.6098805647760397 -2.4609485657094
390 3510 0 0 0 -1.0312204509675515 -2.4779268762380138 -4.028967660040089 1.1594346626542422 -1.6107044091456595 -2.45570919706733
391 3519 0 0 0 -1.031220564965419 -2.479009357547595 -4.030602962472833 1.1607660126593033 -1.6159026684586266 -2.3877049963574666
392 3528 0 0 0 -1.0312186165871766 -2.4794328152811635 -4.031106725930253 1.1617906818135109 -1.6182028017657017 -2.333472092607365
393 3537 0 0 0 -1.0303360432891038 -2.4821652459784773 -4.033185769625317 1.180805718150672 -1.6282051102123667 -2.4021766049387185
394 3546 0 0 0 -1.030581529869512 -2.4797009831999546 -4.029927601585408 1.1748234551789944 -1.616477130092128 -2.4102348047873696
395 3555 0 0 0 -1.03045883341503 -2.4811636125990306 -4.031701301376461 1.1800336996439704 -1.6231687150655199 -2.3973295816678046
396 3564 0 0 0 -1.0302997910583869 -2.483296343621739 -4.034371050046639 1.1868641692774056 -1.633063310796021 -2.3705253095841803
397 3573 0 0 0 -1.0300543999829526 -2.483457924907425 -4.034009587525688 1.1915475909009352 -1.6329779555245436 -2.3715290576025816
398 3582 0 0 0 -1.0296282773856493 -2.4854727047069236 -4.035970566863 1.2023978419998982 -1.6406904785124419 -2.4064732832325726
399 3591 0 0 0 -1.0294748173375887 -2.4881350852412596 -4.039625641879059 1.2089077849587595 -1.6535730181316446 -2.4410761926559092
400 3600 0 0 0 -1.0297186618551932 -2.489598670456596 -4.042340057165706 1.2074775735504102 -1.6618350682714194 -2.424217992103997
401 3609 0 0 0 -1.0297709072946415 -2.4893849021301633 -4.0420600069312185 1.2064626369974296 -1.6608648153066854 -2.485864669315931
402 3618 0 0 0 -1.0296715667091114 -2.4901134344113864 -4.042719020790892 1.2099092311345492 -1.6630044180194943 -2.4515352229237157
403 3627 0 0 0 -1.0295246312319781 -2.491139423440969 -4.043441567080568 1.21741599843239 -1.665852809295999 -2.459580415233584
404 3636 0 0 0 -1.0292729351056236 -2.4935888660974372 -4.046352550162526 1.2260301446561723 -1.6770441428549385 -2.458114329012762
405 3645 0 0 0 -1.0293025268056786 -2.492713351705165 -4.045208784439292 1.2241227455448511 -1.6729896108178455 -2.478538099927
406 3654 0 0 0 -1.0290720149449801 -2.49513309833167 -4.04810598326685 1.2320229888086258 -1.6835308735330496 -2.411283231739146
407 3663 0 0 0 -1.0297936895722921 -2.4923992341938 -4.046462558658195 1.2108411846134906 -1.6744148513980428 -2.4595585593844658
408 3672 0 0 0 -1.0296169060916498 -2.49239486769985 -4.046011369548765 1.2139575482755225 -1.673890877703134 -2.450154052870852
409 3681 0 0 0 -1.029355134307064 -2.493583533428077 -4.046717731506572 1.2234403479265905 -1.6776638604206344 -2.461777926950879
410 3690 0 0 0 -1.029115999997959 -2.495127394019132 -4.048278749227972 1.2311383129850124 -1.683812996082525 -2.458537489041957
411 3699 0 0 0 -1.0289790202613105 -2.49598023121491 -4.0490636051214866 1.2357570345601747 -1.6872238244138538 -2.41536369327933
412 3708 0 0 0 -1.0289726821301541 -2.4965248850123882 -4.049749123694455 1.2378330917554388 -1.6896735305836161 -2.4550676939284037
413 3717 0 0 0 -1.0288054327014426 -2.498058474061946 -4.0513727203642285 1.2451356702855245 -1.6958313095792785 -2.4670758644485278
414 3726 0 0 0 -1.028578035943747 -2.5001032536736205 -4.053442130740449 1.2553059606847237 -1.7040548586220785 -2.4725348735459565
415 3735 0 0 0 -1.0285752902468228 -2.5014783720816713 -4.055195826849569 1.259130358622719 -1.7104527411555377 -2.452940025341658
416 3744 0 0 0 -1.028396511739416 -2.5013993623273723 -4.054375348045021 1.2642136481270845 -1.7084354534818886 -2.44349251995014
417 3753 0 0 0 -1.0282803589606735 -2.503582776449253 -4.057117057245088 1.270932967505123 -1.7175643977323207 -2.472689020285791
418 3762 0 0 0 -1.0279511093701372 -2.5058613310430897 -4.058770794781278 1.2865932045287343 -1.7258313612513532 -2.4686821900446443
419 3771 0 0 0 -1.028054899502751 -2.504591925319128 -4.057141132935279 1.2826012263765798 -1.7202070510270107 -2.4363964227765207
420 3780 0 0 0 -1.028101998973832 -2.506925026357953 -4.060555068809705 1.286575341846264 -1.7313900450147222 -2.435396238979427
421 3789 0 0 0 -1.027791473079958 -2.5109098925003384 -4.064601431994431 1.3065242211469126 -1.7473689309030846 -2.4665750287028003
422 3798 0 0 0 -1.0277097965918396 -2.5110861509143336 -4.064653721206524 1.3084963860642986 -1.7473055976536436 -2.4729971004900886
423 3807 0 0 0 -1.0279923727274654 -2.513017820353378 -4.067764601093318 1.3095234549448025 -1.7567613897150625 -2.423605642567459
424 3816 0 0 0 -1.027584518965097 -2.5152820474762896 -4.069454310896478 1.325502673526805 -1.7637652097614478 -2.4264921385716387
425 3825 0 0 0 -1.027601451690606 -2.516768713904425 -4.071319674749054 1.3302955380589512 -1.7699360679271163 -2.410188402327861
426 3834 0 0 0 -1.0276892288854527 -2.51744085797313 -4.0722827911944846 1.3323227873006027 -1.7732202809821984 -2.4688183391610052
427 3843 0 0 0 -1.0275541328249076 -2.5188256589515636 -4.072898551884625 1.3449421857923396 -1.7766786736343718 -2.444110637142941
428 3852 0 0 0 -1.027237744069623 -2.5217539856351254 -4.0753029412686725 1.3630290040341926 -1.7873587850785229 -2.384662465967941
429 3861 0 0 0 -1.0274891432937656 -2.5246336257070268 -4.07996279838008 1.3653034822245387 -1.801002272774635 -2.41247681450243
430 3870 0 0 0 -1.0273065863376276 -2.5264964484670225 -4.08148910289306 1.3771478205141647 -1.8065310181389966 -2.408005524294552
431 3879 0 0 0 -1.027551599366638 -2.5251128799412745 -4.081098941633024 1.3631580990115821 -1.802818761014148 -2.508358560172732
432 3888 0 0 0 -1.0277672615399283 -2.524712512906267 -4.080842160780535 1.3596909139989641 -1.8015183245879385 -2.401859554081549
433 3897 0 0 0 -1.0278434135284193 -2.5291778537574063 -4.086417512321491 1.374544802420566 -1.8207990017988847 -2.3394308527663936
434 3906 0 0 0 -1.0276473825664993 -2.528187867082206 -4.084665714930814 1.3750091802236764 -1.8148038937447144 -2.3226503386831947
435 3915 0 0 0 -1.0277017433779982 -2.5274330106934824 -4.084102512992048 1.3692570515566809 -1.8127642792984768 -2.314483894454786
436 3924 0 0 0 -1.0275748130898983 -2.5276783873626996 -4.084286625240754 1.371075898446046 -1.814105133066044 -2.3610027276633425
437 3933 0 0 0 -1.0276587687019594 -2.5287494128973624 -4.085367935448159 1.3761962452777639 -1.8182608066608867 -2.3648409554167893
438 3942 0 0 0 -1.027770383146249 -2.5285318722273966 -4.085396994302036 1.3735672491277524 -1.8179460529172664 -2.369413404061067
439 3951 0 0 0 -1.0278362529966083 -2.5302145774051006 -4.087676492464406 1.3776569726035357 -1.8254881062726531 -2.363835138364192
440 3960 0 0 0 -1.027873256395556 -2.5305160098586694 -4.088219115358405 1.3776951065905607 -1.8265734447843762 -2.36921324553801
441 3969 0 0 0 -1.0277076694447858 -2.5302778019694956 -4.08736942274644 1.3810317855019232 -1.8248592014962692 -2.36127294821756
442 3978 0 0 0 -1.0277911939232813 -2.5308545664596176 -4.088266973359866 1.3821158992794262 -1.8273765313087966 -2.3498569552019215
443 3987 0 0 0 -1.0278573511870859 -2.531400462905815 -4.088968084292914 1.3837982637857051 -1.8294920995985484 -2.330869632055174
444 3996 0 0 0 -1.027897386518177 -2.5317377653864344 -4.089448141335055 1.384559218502504 -1.8309831326532673 -2.344641382615232
445 4005 0 0 0 -1.0279883998599897 -2.533259143362356 -4.09137522070489 1.3896013741507678 -1.8373344060550583 -2.321920610777577
446 4014 0 0 0 -1.028046584314659 -2.533724471017073 -4.092148466969622 1.3897290553012918 -1.8395771630838966 -2.345280925719522
447 4023 0 0 0 -1.0281253661117868 -2.5351943120510696 -4.094144928346095 1.3935154168939343 -1.8457827310525774 -2.3408096910572613
448 4032 0 0 0 -1.0282261447203336 -2.5363995651860116 -4.095926097501492 1.3956234315141631 -1.8512533437429155 -2.3394076469929437
449 4041 0 0 0 -1.0282393329845636 -2.537781659608723 -4.09735881848041 1.4025815130790598 -1.856512593450547 -2.343704781829166
450 4050 0 0 0 -1.028384787310218 -2.539274301162921 -4.099500395091085 1.4057634224794402 -1.8631645011383635 -2.3803306397404067
451 4059 0 0 0 -1.028358166934305 -2.5395989517411452 -4.0998033730460905 1.4073524570605764 -1.8642615708309827 -2.3601510455376054
452 4068 0 0 0 -1.0286353939999717 -2.542878122436664 -4.1044252291529855 1.4149879413987325 -1.8783793017644204 -2.3336355126474695
453 4077 0 0 0 -1.0286412127164106 -2.5420069247992463 -4.103553597881931 1.4105630018812876 -1.8755516916967658 -2.34620975280006
454 4086 0 0 0 -1.0288701510429576 -2.5438073089137685 -4.106477657934664 1.4122589193970831 -1.8839979640666407 -2.334723891296194
455 4095 0 0 0 -1.0288349533208407 -2.5440443349624515 -4.106298151956567 1.416463042087192 -1.8840632901237093 -2.3134579365888333
456 4104 0 0 0 -1.0289472129316304 -2.5457462496444347 -4.108501563171704 1.421969869903356 -1.8909179042976736 -2.3063157029220336
457 4113 0 0 0 -1.0289452752919792 -2.54618682776923 -4.108680778719578 1.426428091468369 -1.8921625435863532 -2.292428179494563
458 4122 0 0 0 -1.0289624390246594 -2.545755293403859 -4.108483831161623 1.4226151681612007 -1.8907219939330757 -2.3040171885425105
459 4131 0 0 0 -1.0289856458077764 -2.548369278816991 -4.11078842537497 1.4383054329741864 -1.899499493296176 -2.266329310101229
460 4140 0 0 0 -1.0291655449477268 -2.5492455253188258 -4.1125104276159075 1.4371442451888745 -1.9039383433861354 -2.288392058800431
461 4149 0 0 0 -1.029454110921149 -2.5518360466272125 -4.116285009026767 1.4425560412357454 -1.9155944814301298 -2.274604380647325
462 4158 0 0 0 -1.0292381912914699 -2.5490527791613395 -4.112857323388752 1.432297386186776 -1.9046854053499185 -2.306079642982699
463 4167 0 0 0 -1.0291838007193208 -2.548890400148641 -4.1123199317186465 1.4341563474995263 -1.9035470464352262 -2.3057227375279052
464 4176 0 0 0 -1.0293777038095153 -2.5512354840742355 -4.115116639979053 1.4430524868713086 -1.912908192087135 -2.2869876396796127
465 4185 0 0 0 -1.0294835438105068 -2.552692365469394 -4.116921478686934 1.4483432085678707 -1.9184519855455278 -2.280480551768241
466 4194 0 0 0 -1.0296236843037552 -2.553724112233508 -4.118403173635064 1.4507311282538642 -1.9225215827054178 -2.2873296222563813
467 4203 0 0 0 -1.0297555655909816 -2.554431349831756 -4.119877708436901 1.4490589384139119 -1.9260483107004136 -2.300325061195316
468 4212 0 0 0 -1.0300584973345206 -2.557394178541357 -4.123724862058301 1.4585807625893255 -1.9381488023958051 -2.288464975834571
469 4221 0 0 0 -1.0302117365568082 -2.55767563134982 -4.124686088646792 1.4550996102656737 -1.9404120308878798 -2.277059931873641
470 4230 0 0 0 -1.0300120522868206 -2.5558448073228277 -4.122226936415648 1.450230935599583 -1.9327553500054406 -2.2824071318457166
471 4239 0 0 0 -1.0299700404966479 -2.5556210400003074 -4.121627534978554 1.4516979295352521 -1.9312877510569082 -2.294018362767253
472 4248 0 0 0 -1.030077607991892 -2.5566457942371814 -4.123276583681057 1.4528200757898697 -1.935913675658988 -2.2730993566051865
473 4257 0 0 0 -1.0301097413499354 -2.5573548255583978 -4.124024021801614 1.4561566105756267 -1.9387156901881453 -2.269292285623345
474 4266 0 0 0 -1.0302512364726446 -2.5582981170439534 -4.1254253854311935 1.4582163280642289 -1.9425669779962838 -2.2903119228267332
475 4275 0 0 0 -1.0304698230396492 -2.5595546858498386 -4.127682536666327 1.4578357281333882 -1.9483542998258323 -2.316228643947851
476 4284 0 0 0 -1.030668831273396 -2.5615967669995925 -4.130476880624155 1.463546144329308 -1.956632935427939 -2.3250767067695475
477 4293 0 0 0 -1.030553696953489 -2.560318818964345 -4.128895417943556 1.458574742490228 -1.9517252463295507 -2.335413011414266
478 4302 0 0 0 -1.0308566435951612 -2.5620990624797413 -4.131921804634702 1.459884192424849 -1.959879534974887 -2.3087528708068046
479 4311 0 0 0 -1.0309142260168436 -2.562627848898535 -4.132758212634604 1.4606161804898488 -1.9622301283030306 -2.2977121875134148
480 4320 0 0 0 -1.0311012056972912 -2.5632720859100044 -4.134295365884642 1.457622225032144 -1.965820032062504 -2.3162424892960045
481 4329 0 0 0 -1.0312944350233975 -2.5641384405324263 -4.135973647778788 1.4565446921090264 -1.9703537282747092 -2.3228550112227024
482 4338 0 0 0 -1.031477067173843 -2.56528071815784 -4.137897048973511 1.4575014935523045 -1.9756306209779 -2.3292049025964565
483 4347 0 0 0 -1.0318025791156777 -2.566252984091056 -4.140629026992236 1.4509723421091278 -1.9818723482709533 -2.3152050498159573
484 4356 0 0 0 -1.03178098328773 -2.5668180546218076 -4.140911527607414 1.456000357052513 -1.9832786930273865 -2.2988507429162737
485 4365 0 0 0 -1.0318858458187115 -2.567192485153551 -4.141591767726157 1.4557870142376423 -1.985458404807982 -2.3106092746074554
486 4374 0 0 0 -1.0323281422322994 -2.5699449760978843 -4.145752589986845 1.461121002669787 -1.9975528388520933 -2.3060870622495515
487 4383 0 0 0 -1.032058350897141 -2.568444904389442 -4.143231486438872 1.46024516903543 -1.9905192541784085 -2.288813667213969
488 4392 0 0 0 -1.0324686209728682 -2.5707312898809107 -4.147052389289641 1.4619112849126397 -2.0008512027614738 -2.2939823647345143
489 4401 0 0 0 -1.0327407425122606 -2.571928934071596 -4.149137571811494 1.462101564345326 -2.006458228175428 -2.3282140182641253
490 4410 0 0 0 -1.033041441379661 -2.573834520782292 -4.152128571572052 1.4651536124952769 -2.015070657161092 -2.349996948686031
491 4419 0 0 0 -1.0331852035861893 -2.5753712107869515 -4.15397545026142 1.4716463539437927 -2.0206319745780417 -2.325151406779057
492 4428 0 0 0 -1.033399955214494 -2.576587070331735 -4.155678890980011 1.4757138490197836 -2.025404442606122 -2.2969519318570937
493 4437 0 0 0 -1.0334825083757118 -2.5769754459833556 -4.156518155344261 1.4748198608164673 -2.027323934567557 -2.32596064901886
494 4446 0 0 0 -1.0336636843201854 -2.577722367046593 -4.157735926738132 1.4752920449194313 -2.0307345416065137 -2.346313193983703
495 4455 0 0 0 -1.033681531427563 -2.5772566994866986 -4.157829039264614 1.4687722663810554 -2.0301265022985446 -2.3404875053351186
496 4464 0 0 0 -1.033408460185984 -2.5769530538145577 -4.156291830198598 1.4758140296679314 -2.026673930743167 -2.3030113413882303
497 4473 0 0 0 -1.0331073914796725 -2.5751259538235787 -4.153425036072347 1.4731719715735883 -2.0191227359347277 -2.2943441022131275
498 4482 0 0 0 -1.0329251792380034 -2.574272269915854 -4.151744932096895 1.474441266798553 -2.0147376060924223 -2.2846075698149844
499 4491 0 0 0 -1.0332560797500834 -2.57635428500555 -4.154927568919732 1.4781878055101607 -2.023836363567114 -2.2939612285708635
500 4500 0 0 0 -1.0332710064356228 -2.5762386480493005 -4.154863659843685 1.4768625261299624 -2.023882470330384 -2.311053930719828
501 4509 0 0 0 -1.0336011016265605 -2.5776428940552756 -4.157622137674316 1.4752213353206867 -2.030939363305155 -2.336856684115179
502 4518 0 0 0 -1.0335624716252916 -2.577675369715264 -4.15736973293388 1.4772005453618695 -2.0305020111463024 -2.3370744820220644
503 4527 0 0 0 -1.0336192647876083 -2.578006716930457 -4.157742475909506 1.4789963761775677 -2.031649018314542 -2.3422922128620494
504 4536 0 0 0 -1.0335276845629895 -2.57756153569596 -4.156987714111791 1.4786278001771924 -2.0297787419163242 -2.327154376340714
505 4545 0 0 0 -1.0336579413043494 -2.5780114041979227 -4.158100609651652 1.476613533188018 -2.03227875578113 -2.3281536382473216
506 4554 0 0 0 -1.0337128851562605 -2.578449549445682 -4.15855581871985 1.4787620209356576 -2.03391219030132 -2.3297753642035097
507 4563 0 0 0 -1.0338491484140087 -2.5791704111776297 -4.159725764971854 1.4795737157041688 -2.0370451428962717 -2.331201737789831
508 4572 0 0 0 -1.0338993154220704 -2.579400973725881 -4.1602943335720495 1.4784475380151938 -2.038324979351564 -2.327792399196619
509 4581 0 0 0 -1.03397671520498 -2.579923539228002 -4.160983725060569 1.4802849034481447 -2.0404577941351194 -2.3303498442259416
510 4590 0 0 0 -1.0339431602794504 -2.579869244225563 -4.160728333737223 1.4813975347804194 -2.039927517079664 -2.3225188842801088
511 4599 0 0 0 -1.0339742358372934 -2.5800272048038533 -4.160968949529256 1.4816921644354157 -2.04064038364081 -2.319644438522924
512 4608 0 0 0 -1.0339835280824632 -2.5801284517419902 -4.1610203931061225 1.4826330152061706 -2.0409425253607933 -2.3150247433928
513 4617 0 0 0 -1.0339633559549037 -2.580049874190806 -4.160767450523138 1.4833726863482177 -2.0403824981496075 -2.3147756557518697
514 4626 0 0 0 -1.0339867607989703 -2.5802458852508052 -4.161003127969285 1.4843053947034037 -2.0410439584801487 -2.3165265890897944
515 4635 0 0 0 -1.0341257857054598 -2.5808355287317357 -4.162253630627814 1.4831044814029257 -2.044081261792827 -2.3137077972580684
516 4644 0 0 0 -1.0343266833687759 -2.581733071500495 -4.163918892188022 1.4826635580500847 -2.0484490841757133 -2.3150439174122583
517 4653 0 0 0 -1.0343179397919864 -2.5818894519107034 -4.163854377218743 1.4851593637389087 -2.048561045246686 -2.3138197537227
518 4662 0 0 0 -1.0344129777289632 -2.5824974737117894 -4.16468592366948 1.4870455765106334 -2.0510356000739542 -2.314643003333706
519 4671 0 0 0 -1.0347591175631443 -2.5842712677441773 -4.167576423234534 1.4892574597535682 -2.0589051233868805 -2.3161998772442045
520 4680 0 0 0 -1.0345260564937662 -2.5832147106438037 -4.165618657019479 1.4896984999805298 -2.0538409360840815 -2.310549265656589
521 4689 0 0 0 -1.0345578820278738 -2.5833572993468144 -4.165879341574181 1.4896414961816868 -2.0545604515411373 -2.311732631535623
522 4698 0 0 0 -1.0346697300103345 -2.5838431504223522 -4.16686807054324 1.4888923862236667 -2.0570680573787 -2.3117683142778676
523 4707 0 0 0 -1.0348485512729155 -2.5845999016745145 -4.1682976858747445 1.4884804928758488 -2.060782545865764 -2.317722467989135
524 4716 0 0 0 -1.034864698279592 -2.5846419213358867 -4.168468601881866 1.487847724456005 -2.0611947640799335 -2.3181616917175525
525 4725 0 0 0 -1.0347859131163222 -2.5843742374027707 -4.167821161271405 1.4890099641889094 -2.0596226182491297 -2.317987049740583
526 4734 0 0 0 -1.034751799143364 -2.5840707436840646 -4.1674845795924975 1.4874646214516931 -2.058505228396909 -2.319663684979179
527 4743 0 0 0 -1.0348276206922484 -2.58436171209553 -4.168028555403074 1.4873549894646267 -2.0599984931858906 -2.319268414186663
528 4752 0 0 0 -1.0347728480270877 -2.5841849203027762 -4.1675665165620215 1.488384592145497 -2.058906599605198 -2.315263155367724
529 4761 0 0 0 -1.0347311206648653 -2.583968689417781 -4.167170441860807 1.4885010782456374 -2.057936651513621 -2.3123306624961177
530 4770 0 0 0 -1.03483195425053 -2.5845216903553005 -4.168028674288078 1.4895224835361616 -2.0603080197390984 -2.313459837367605
531 4779 0 0 0 -1.0348774174444626 -2.5848021281417215 -4.16842623442435 1.4902739585836775 -2.0614991991319593 -2.3155068520848308
532 4788 0 0 0 -1.0349492912848954 -2.585184495721546 -4.169033410423025 1.4909398817355435 -2.063143220190948 -2.3108694942609733
533 4797 0 0 0 -1.0349819585508717 -2.5852329849730475 -4.169221301661799 1.4902514680781263 -2.063556773102739 -2.3077817471405377
534 4806 0 0 0 -1.0352329001273424 -2.5864055282257183 -4.171254776780633 1.4908392510678266 -2.0690860062003904 -2.3185752479729027
535 4815 0 0 0 -1.0351088823818848 -2.586107469287588 -4.170182005097539 1.4946607154555327 -2.066837857624992 -2.3096403661619123
536 4824 0 0 0 -1.035307546282589 -2.5871295823506126 -4.171798365946874 1.496406857286735 -2.0713746977037277 -2.3030285118089715
537 4833 0 0 0 -1.0352015355529467 -2.5870147781970636 -4.170894908697655 1.5013831491509737 -2.069721416595033 -2.29306359175565
538 4842 0 0 0 -1.0353849121960723 -2.587916770909428 -4.172365944296994 1.5025307770180687 -2.0738548862066484 -2.2945761203880592
539 4851 0 0 0 -1.0356581383455343 -2.5893368865645177 -4.1745902176061715 1.5050995238340212 -2.080025997005952 -2.2891436034951633
540 4860 0 0 0 -1.0355867624041108 -2.589343542307414 -4.1739338263317265 1.510067401717271 -2.0789975698097747 -2.279656684972688
541 4869 0 0 0 -1.0354336036031762 -2.5891642079629182 -4.172557228025897 1.5175212853807731 -2.0765775381986535 -2.2775960115324216
542 4878 0 0 0 -1.0352289979511573 -2.588014178155066 -4.170911930870912 1.5144848136364508 -2.071790561586245 -2.2906068464336293
543 4887 0 0 0 -1.0355509138548888 -2.5896624917430384 -4.17357923612724 1.5168817177844445 -2.079002447873144 -2.2836458959894705
544 4896 0 0 0 -1.0352977280161135 -2.58899758054301 -4.171398662893511 1.5240387004269516 -2.074432508806905 -2.281005219389598
545 4905 0 0 0 -1.0352864300005136 -2.58855206993527 -4.171338476018692 1.5185155954728837 -2.0734473992100875 -2.2982398252568195
546 4914 0 0 0 -1.035244804912667 -2.5891391437773534 -4.170732023917712 1.5307087319024393 -2.0736972722479186 -2.284081927309043
547 4923 0 0 0 -1.0353703524309812 -2.5895552942879765 -4.171628915014193 1.5297340165925706 -2.076042974875787 -2.2703903641168717
548 4932 0 0 0 -1.0353098944727335 -2.589630688789227 -4.170975725155741 1.5356728688514245 -2.075101819068801 -2.2578623888327
549 4941 0 0 0 -1.0357641514648115 -2.5919722044988545 -4.174585392653667 1.5403637818296532 -2.0851277022660875 -2.2532675701740468
550 4950 0 0 0 -1.0361956329709752 -2.5935762711056984 -4.17792899856595 1.5374315368108622 -2.093522458132336 -2.255004764935204
551 4959 0 0 0 -1.0363291731130206 -2.593217371543346 -4.179137659945984 1.5240927663048083 -2.0947519917887756 -2.259132990657297
552 4968 0 0 0 -1.0362570492350744 -2.5941234702957043 -4.178236825454038 1.5424251948967675 -2.095028056745005 -2.2658667344665466
553 4977 0 0 0 -1.0362417688068362 -2.594132907676376 -4.178296743634419 1.5421813451959474 -2.0949250529958774 -2.2452625227858327
554 4986 0 0 0 -1.0362408675390007 -2.5943322036678333 -4.177988665676871 1.5471526186586984 -2.0948021666895045 -2.2601334905724615
555 4995 0 0 0 -1.0364543971187379 -2.5938961549647326 -4.180220192503002 1.5251604049273961 -2.097652488436081 -2.2815613365866363
556 5004 0 0 0 -1.0363645720985972 -2.594271726496352 -4.179393740334185 1.5361094144999303 -2.0970118158455384 -2.2675095088890487
557 5013 0 0 0 -1.0362709926228533 -2.5935467527021423 -4.178722813246061 1.5314669572048456 -2.094631726449816 -2.2668367678081616
558 5022 0 0 0 -1.0361366480023833 -2.5934460093987246 -4.177401208714192 1.5396464348763956 -2.0925047733089044 -2.273145951526832
559 5031 0 0 0 -1.0357544892763995 -2.592284290985824 -4.1742547866466335 1.5470800795764212 -2.085386870935792 -2.2741962728907312
560 5040 0 0 0 -1.0358408375930028 -2.592754281812113 -4.174808634079073 1.5492632983564643 -2.087132927869528 -2.269734390065893
561 5049 0 0 0 -1.0358455596809946 -2.5928353978502052 -4.174720040745131 1.5510076764348015 -2.087206403394835 -2.2697970505822114
562 5058 0 0 0 -1.0361087404415952 -2.5937546969610477 -4.176866126094768 1.5476474279854746 -2.0922681505052196 -2.2662035102387548
563 5067 0 0 0 -1.0359948229794476 -2.593139192578441 -4.176056701696423 1.5453565919870749 -2.089720940163391 -2.261654495833036
564 5076 0 0 0 -1.0360845853755651 -2.5935537526003998 -4.176778162513335 1.545609405431398 -2.091612560742231 -2.2609552446844434
565 5085 0 0 0 -1.036052700168991 -2.593597533883558 -4.176430481897908 1.5486957638669745 -2.091284291844964 -2.2648783621238127
566 5094 0 0 0 -1.035989254682313 -2.5933771680040296 -4.175879212358152 1.549803256725096 -2.089952119048602 -2.261243328105995
567 5103 0 0 0 -1.0358640837812136 -2.5930767409941278 -4.174743438643151 1.5540994659395022 -2.0876593375162065 -2.2609479224444256
568 5112 0 0 0 -1.0358957372713657 -2.5932381107168445 -4.174964811240598 1.5546360951976717 -2.088298894816597 -2.2610791447242025
569 5121 0 0 0 -1.0357694422343782 -2.592850342913337 -4.1738276742511005 1.5577566563994978 -2.0858064021889082 -2.263743936834929
570 5130 0 0 0 -1.0358269180553734 -2.5930572529460845 -4.174292486349724 1.557100485174124 -2.086878796048866 -2.26386740722395
571 5139 0 0 0 -1.035784717425527 -2.592883699442911 -4.17393412370674 1.5573720102488824 -2.0860226810008435 -2.270798229165482
572 5148 0 0 0 -1.0358142882230668 -2.593032752045292 -4.174137769337416 1.5578398128095228 -2.086641682718263 -2.2726556213451445
573 5157 0 0 0 -1.035894153174951 -2.5933426393189474 -4.174742327776072 1.5576352705653291 -2.08813385383462 -2.2667568605032655
574 5166 0 0 0 -1.035870746189722 -2.5933198076552118 -4.17444559881117 1.559526969316996 -2.08770672668505 -2.2690119717205315
575 5175 0 0 0 -1.035902536429709 -2.59352616301792 -4.174704424976623 1.5604042599324952 -2.0884698727306072 -2.270355549935064
576 5184 0 0 0 -1.0359280366150978 -2.5937369510233763 -4.174808156242282 1.5624906275781534 -2.0890739653994856 -2.270541157629914
577 5193 0 0 0 -1.0360305840702677 -2.5941253329459677 -4.175654994552146 1.56151249415315 -2.0911192254002025 -2.2693012745532535
578 5202 0 0 0 -1.0361621599799824 -2.594656901601121 -4.17669895924809 1.5610197016485174 -2.0937702917363037 -2.263322696137412
579 5211 0 0 0 -1.0361616438069872 -2.594773585006911 -4.17662236537043 1.5632093299138918 -2.0938721938279907 -2.2555244062992363
580 5220 0 0 0 -1.0362806443620134 -2.595077894450825 -4.177630882583826 1.5599618939759607 -2.096073281829681 -2.2637992285918793
581 5229 0 0 0 -1.0361079764145111 -2.5944165043618153 -4.176231688137489 1.5612574483866866 -2.0926440950249625 -2.2654958145411888
582 5238 0 0 0 -1.036173890712111 -2.594811227327638 -4.176657087767216 1.563433554236134 -2.09400968474313 -2.2656760449138607
583 5247 0 0 0 -1.036150271043259 -2.5948879379046614 -4.176288638171507 1.567149276627234 -2.093579440733517 -2.264496627149688
584 5256 0 0 0 -1.0362903519616145 -2.5956954453626415 -4.177089389889974 1.572162258359364 -2.0963925090598687 -2.2615586038176145
585 5265 0 0 0 -1.0363328267341392 -2.5958973972641117 -4.177366545444437 1.5728762542441441 -2.0971910300149776 -2.263248106320642
586 5274 0 0 0 -1.0363256047710259 -2.595951040781826 -4.1772036921654365 1.5748232962638633 -2.097114942378135 -2.2617135085997786
587 5283 0 0 0 -1.0361362721263534 -2.595223966945028 -4.175654270097451 1.5763630411858203 -2.093277080583486 -2.266895866564677
588 5292 0 0 0 -1.0360885239694293 -2.5948459942247384 -4.17545974087595 1.5726048759568387 -2.0922846432005273 -2.2679136327313185
589 5301 0 0 0 -1.0363316180837083 -2.595975048749506 -4.177295577057084 1.5743697389083273 -2.09726096265523 -2.25764531515232
590 5310 0 0 0 -1.036276198398363 -2.595710200633412 -4.176957364866474 1.5732521808459456 -2.096114281130728 -2.258692825447252
591 5319 0 0 0 -1.036233651550262 -2.595675069453741 -4.176410159557315 1.576796053916408 -2.0953114493762377 -2.260337327778388
592 5328 0 0 0 -1.036198023311348 -2.595460031854144 -4.176242309479747 1.5751301229819523 -2.0946150608795695 -2.2615540390886992
593 5337 0 0 0 -1.0362483087053334 -2.595585949419187 -4.176721204638391 1.5733317673192315 -2.0955537549892056 -2.265193854765107
594 5346 0 0 0 -1.0364151170285945 -2.59626289820267 -4.178020706787089 1.5729594059237832 -2.098896383576918 -2.260094089982697
595 5355 0 0 0 -1.0363805972430642 -2.5961117214365026 -4.177743415809832 1.5729879274309093 -2.0982046800803826 -2.263940763932134
596 5364 0 0 0 -1.0364199160617196 -2.5963433259590665 -4.17794681139252 1.5746516323930315 -2.0989397212967087 -2.2617459762256855
597 5373 0 0 0 -1.0363296619139932 -2.5961249516704363 -4.177113261499534 1.577792581792001 -2.097224801901036 -2.261512775998126
598 5382 0 0 0 -1.0364650007085514 -2.59675144084774 -4.178073510340343 1.5792362099073618 -2.099890514459189 -2.263682677842361
599 5391 0 0 0 -1.0366594720955775 -2.5973776537089845 -4.17975267447071 1.5754278390354257 -2.1037192134755944 -2.261118797439934
600 5400 0 0 0 -1.036693267259332 -2.5975375081368757 -4.17997586842669 1.5759894360308608 -2.1043585763768045 -2.256950488410572
601 5409 0 0 0 -1.0366573842740996 -2.597463678350473 -4.179616190851842 1.5775975764615788 -2.1036218826521 -2.261914520108608
602 5418 0 0 0 -1.0368224362979217 -2.5981133688313913 -4.1809276053973425 1.5767817181009716 -2.1068600465727405 -2.260281334620675
603 5427 0 0 0 -1.0367632867082164 -2.597962598212893 -4.180381175733961 1.5787263672781056 -2.105730834452453 -2.260222085300819
604 5436 0 0 0 -1.0366760549541303 -2.5976138994319045 -4.1796711001160425 1.5792147401049073 -2.104002403176809 -2.2599474119573317
605 5445 0 0 0 -1.0365864298806202 -2.597159128427672 -4.179055148205008 1.5775930770355895 -2.102187076188759 -2.2595283091304967
606 5454 0 0 0 -1.0367517803140138 -2.597883325034531 -4.180269794052746 1.5785184428870804 -2.105469101285955 -2.2599408364919227
607 5463 0 0 0 -1.0365895896806498 -2.5972288256452485 -4.178999303930294 1.5789574786960463 -2.1022625176709977 -2.261369078638884
608 5472 0 0 0 -1.0366359238814216 -2.597405144789063 -4.179346119146954 1.5788285474954658 -2.1031377826212982 -2.26173963473341
609 5481 0 0 0 -1.0367556978881642 -2.5978941569603102 -4.180305866659488 1.5784230426067873 -2.1055514241134365 -2.2594765007069
610 5490 0 0 0 -1.0367194717400652 -2.5977906814066003 -4.17998360102786 1.5793801196351345 -2.1048586476050324 -2.259516724190062
611 5499 0 0 0 -1.036738636326725 -2.597868436635806 -4.180137450132508 1.5792939536234172 -2.105250958136146 -2.2610821503558496
612 5508 0 0 0 -1.0367405819078344 -2.5978750755092985 -4.180149406163145 1.579303462752333 -2.1052809373528034 -2.2605995566454595
613 5517 0 0 0 -1.0367375669697783 -2.5978354077503676 -4.180155785487525 1.5787185742731862 -2.105223287986164 -2.261820979377509
614 5526 0 0 0 -1.0367482269506723 -2.597904420228656 -4.180226772929182 1.5791382942262875 -2.10546181005 -2.2615930016739996
615 5535 0 0 0 -1.0367742304777394 -2.597964874551185 -4.180484219305441 1.5780691871931063 -2.1059650632309044 -2.2623587950957824
616 5544 0 0 0 -1.0367501917870174 -2.597881061936211 -4.180278651630075 1.5784473887517252 -2.1054942708229993 -2.2619078085139295
617 5553 0 0 0 -1.03674336698084 -2.59782588435133 -4.1802627288673015 1.5778103097447493 -2.1053632204196258 -2.262890135141091
618 5562 0 0 0 -1.0367186210942805 -2.5977008548125444 -4.180099487260927 1.5773008382597014 -2.104862210917019 -2.262490126404434
619 5571 0 0 0 -1.0367286620904523 -2.5977345326914807 -4.180187917666324 1.5771062746831257 -2.105070445220484 -2.262677592282414
620 5580 0 0 0 -1.036704131556163 -2.5976582968261916 -4.179966553848816 1.5776951753572421 -2.1045832809359037 -2.2630629949435304
621 5589 0 0 0 -1.036701418471529 -2.597660814055965 -4.179930351767791 1.577992067184323 -2.104529816240436 -2.2629789436411007
622 5598 0 0 0 -1.0367015080330693 -2.597631996780728 -4.179971421358347 1.5773003893573532 -2.1045337369945614 -2.2634128599335117
623 5607 0 0 0 -1.0367013514931875 -2.5976423782882443 -4.179947859143564 1.5776148711204987 -2.1045235851359005 -2.2629693098397072
624 5616 0 0 0 -1.0367114364919578 -2.59770124963596 -4.180000535928576 1.5780249567182552 -2.104716722554583 -2.262333753147771
625 5625 0 0 0 -1.0367099180175834 -2.5977037358992643 -4.179981871376531 1.5781943245189562 -2.104688947214102 -2.2622101386210702
626 5634 0 0 0 -1.0367255097520989 -2.5977599305467685 -4.180115332267528 1.577978352362828 -2.105002704887504 -2.2622381202528263
627 5643 0 0 0 -1.0367203136907688 -2.597735954756043 -4.180081320620898 1.5779016775288333 -2.1049079836874807 -2.2624375669821597
628 5652 0 0 0 -1.0367219819606603 -2.5977454883645277 -4.180085737138938 1.57800146077792 -2.1049328246938703 -2.2620351035149584
629 5661 0 0 0 -1.0367165237872242 -2.597713711888124 -4.180056764678947 1.5777823447896386 -2.104826076789545 -2.261955818420797
630 5670 0 0 0 -1.036707557269599 -2.597668169307342 -4.180000090982592 1.5775803242671866 -2.104649514892456 -2.2621196611823526
631 5679 0 0 0 -1.0367145198384573 -2.5976925481751683 -4.18006386054508 1.5774456696894699 -2.1047929384514164 -2.262123105419787
632 5688 0 0 0 -1.0367100814486763 -2.5976797284086124 -4.180021974500254 1.577576885367431 -2.10470375089125 -2.262262451513644
633 5697 0 0 0 -1.0367140999272286 -2.597700293451928 -4.18004835439737 1.5776636268082742 -2.1047847190956515 -2.262107377110069
634 5706 0 0 0 -1.0367155782423423 -2.5977158905276725 -4.180045355057897 1.577896845611723 -2.1048097626744413 -2.261976855417636
635 5715 0 0 0 -1.0367179812427127 -2.5977275582373944 -4.180062035049107 1.5779337054012135 -2.1048600179593597 -2.2620342713506782
636 5724 0 0 0 -1.036715346678482 -2.59770818915341 -4.180053085144965 1.5777381186244688 -2.1048086556475165 -2.2621998957907907
637 5733 0 0 0 -1.036717528768348 -2.5977194730757867 -4.180067986902137 1.5777817351129972 -2.1048533808374557 -2.26212867417784
638 5742 0 0 0 -1.0367130056744673 -2.597697423701027 -4.180037471398421 1.5777051916709908 -2.104764114532033 -2.2622704641954487
639 5751 0 0 0 -1.0367167435607763 -2.5977114195649813 -4.180069048156962 1.5776638215263314 -2.1048389101757135 -2.2621907505806442
640 5760 0 0 0 -1.0367158929407305 -2.5977044136291054 -4.180066027060288 1.5775911471656465 -2.104820529843789 -2.2621453005266736
641 5769 0 0 0 -1.036716229565688 -2.597703427814472 -4.180072401108963 1.577531387825183 -2.104827633510093 -2.2621447991075496
642 5778 0 0 0 -1.0367169139910182 -2.5977107644292654 -4.180071309603506 1.5776392828285561 -2.1048395507864237 -2.2621433432917724
643 5787 0 0 0 -1.0367177902159876 -2.5977134629906407 -4.180079874289091 1.577613356459508 -2.1048586788339128 -2.2621506421072053
644 5796 0 0 0 -1.0367181431743593 -2.5977150739822887 -4.180082151458547 1.577618648325887 -2.1048648819150193 -2.26212211524248
645 5805 0 0 0 -1.03671584147673 -2.597707158121166 -4.180061083001139 1.5776649124298483 -2.1048183456335434 -2.2620985275569603
646 5814 0 0 0 -1.036715934043167 -2.597705781444424 -4.180064104621608 1.5776238191290037 -2.104820459162861 -2.26213960067831
647 5823 0 0 0 -1.036718492749185 -2.5977164484845616 -4.180084349527662 1.5776201302790462 -2.1048713931461087 -2.2621507196680657
648 5832 0 0 0 -1.036717953186711 -2.5977163070026155 -4.180076899578731 1.5776733961283251 -2.1048600761496603 -2.2620750283052034
649 5841 0 0 0 -1.036716711847061 -2.5977104461035903 -4.1800689053948625 1.5776521450750558 -2.104836191346149 -2.262114002101356
650 5850 0 0 0 -1.0367168020438822 -2.597711358743415 -4.1800686386906305 1.5776668279233457 -2.1048374206996256 -2.262104738356718
651 5859 0 0 0 -1.0367167989389128 -2.597710384196307 -4.180070083080906 1.5776429983226314 -2.1048377356144248 -2.262101397162064
652 5868 0 0 0 -1.0367161328176109 -2.5977070535493874 -4.180066155176103 1.5776263726093707 -2.1048250104287005 -2.2621426561920237
653 5877 0 0 0 -1.0367166381723152 -2.5977092850242487 -4.1800695597566655 1.577631707621122 -2.1048348224434323 -2.262157759156054
654 5886 0 0 0 -1.0367161384430787 -2.597705872393068 -4.180067819446954 1.577597932474634 -2.1048252887122345 -2.262175495250394
655 5895 0 0 0 -1.0367160101596584 -2.597706723671651 -4.180064569758567 1.577633207555333 -2.104822308957233 -2.2621381795978066
656 5904 0 0 0 -1.0367167631723004 -2.5977093242550766 -4.180071197227869 1.5776198296275439 -2.1048375038971976 -2.2621325560303487
657 5913 0 0 0 -1.03671670503232 -2.5977091660207803 -4.18007025564776 1.5776247321572694 -2.104835921467867 -2.2621203562888668
658 5922 0 0 0 -1.0367166567622623 -2.5977088444559717 -4.180070136931804 1.5776210748632438 -2.1048348346145564 -2.262136217824457
659 5931 0 0 0 -1.0367170332211884 -2.597710389730427 -4.180073180499539 1.5776196234335513 -2.1048425204313075 -2.262124442250387
660 5940 0 0 0 -1.0367169494663913 -2.59771020254801 -4.180072358195181 1.5776230261392536 -2.104840874131361 -2.2621324120602084
661 5949 0 0 0 -1.0367173655790047 -2.5977119367896417 -4.18007539507486 1.5776243398897398 -2.104848968818653 -2.262128411160919
662 5958 0 0 0 -1.036717087852261 -2.5977116305025008 -4.180072064520976 1.5776446053857442 -2.1048432712586718 -2.2621271331232227
663 5967 0 0 0 -1.0367163492653013 -2.5977085052970676 -4.18006660320452 1.5776422602658904 -2.1048287006396262 -2.2621312719190545
664 5976 0 0 0 -1.0367166996943395 -2.597709980996662 -4.180068997760262 1.5776447572322942 -2.104835426618968 -2.262129418807337
665 5985 0 0 0 -1.0367167250617129 -2.59770950620199 -4.180070158497886 1.5776296784601513 -2.1048362104896077 -2.2621325304616158
666 5994 0 0 0 -1.0367167179240113 -2.597709463449137 -4.1800701474443684 1.577629267636113 -2.1048361055342073 -2.262131717154861
667 6003 0 0 0 -1.036716606498224 -2.597709106574564 -4.180069123977438 1.5776318783492196 -2.1048338955545405 -2.2621314359110083
668 6012 0 0 0 -1.0367166533133243 -2.59770938310022 -4.180069444494631 1.5776332659033128 -2.1048349240532866 -2.262130130286366
669 6021 0 0 0 -1.0367168027950473 -2.5977101154876543 -4.180070421889377 1.5776360695174176 -2.1048378241405556 -2.2621298888107555
670 6030 0 0 0 -1.0367169013954753 -2.5977104718391795 -4.180071214569454 1.577635100660796 -2.104839699812203 -2.2621299036907616
671 6039 0 0 0 -1.0367169031859358 -2.5977105912740575 -4.1800710607542655 1.5776378903533388 -2.1048397139374213 -2.2621312375370235
672 6048 0 0 0 -1.0367168383141687 -2.597710338555977 -4.180070521381386 1.5776383684461748 -2.104838416930793 -2.2621295204515057
673 6057 0 0 0 -1.0367168173470216 -2.5977101653683308 -4.180070500198087 1.5776361660738414 -2.104838025498293 -2.2621294013160917
674 6066 0 0 0 -1.0367167680807619 -2.597709873400287 -4.180070248294333 1.577634040663224 -2.1048371009308733 -2.2621320526447093
675 6075 0 0 0 -1.0367167948636746 -2.5977099900818366 -4.180070442879485 1.5776341943979546 -2.1048376138335145 -2.262133405398801
676 6084 0 0 0 -1.0367167741850776 -2.5977099110059 -4.18007026267345 1.5776344540681375 -2.104837188197313 -2.262131120621794
677 6093 0 0 0 -1.0367167607161796 -2.597709889646314 -4.180070122639223 1.5776351986358403 -2.1048369328539187 -2.2621306805023247
678 6102 0 0 0 -1.036716784323656 -2.5977099775953967 -4.180070310506039 1.5776350145788407 -2.1048373876327813 -2.26213180315027
679 6111 0 0 0 -1.0367167639994546 -2.5977098653200668 -4.1800702113591575 1.5776342239776318 -2.104837013140727 -2.2621325786795086
680 6120 0 0 0 -1.0367167473349006 -2.5977098211533454 -4.180070046026686 1.577634834568985 -2.104836678941101 -2.2621322711833796
681 6129 0 0 0 -1.036716736828724 -2.597709798046944 -4.18006993124203 1.5776353511118064 -2.104836455938828 -2.2621315827381023
682 6138 0 0 0 -1.0367166959842193 -2.597709606718513 -4.180069661940722 1.5776347206744756 -2.1048356577909364 -2.2621324777180867
683 6147 0 0 0 -1.036716734335818 -2.5977097795457054 -4.1800699303364155 1.5776351112290181 -2.1048364100191317 -2.2621325921559334
684 6156 0 0 0 -1.0367167500052805 -2.597709849468909 -4.180070036408928 1.5776352920533 -2.104836711057768 -2.262132706565446
685 6165 0 0 0 -1.0367167449820192 -2.5977098446767 -4.180069977859289 1.5776356486385938 -2.1048366095826014 -2.2621323575041448
686 6174 0 0 0 -1.0367167383961842 -2.5977098208421143 -4.180069922414133 1.5776357285200386 -2.104836473663898 -2.2621323908742705
687 6183 0 0 0 -1.036716748562534 -2.5977098723654217 -4.180069989532281 1.577635938674017 -2.1048366767905375 -2.2621326626113194
688 6192 0 0 0 -1.0367167449933423 -2.5977098465346344 -4.180069978631342 1.5776356686472635 -2.1048366128254767 -2.2621326258491337
689 6201 0 0 0 -1.036716748661248 -2.5977098422446234 -4.180070035965761 1.577635191717969 -2.104836692176268 -2.262132705418638
690 6210 0 0 0 -1.0367167383724631 -2.5977098026425387 -4.180069952441073 1.577635266203138 -2.1048364872870087 -2.262132705358027
691 6219 0 0 0 -1.0367167254414948 -2.597709742924339 -4.180069859201146 1.5776351386725747 -2.1048362278510986 -2.26213266573814
692 6228 0 0 0 -1.0367167286404488 -2.597709758505214 -4.180069881489501 1.5776351872422527 -2.10483629286114 -2.262132767531701
693 6237 0 0 0 -1.0367167329392528 -2.597709769514648 -4.180069925544661 1.5776350158372072 -2.104836381742518 -2.262132872273156
694 6246 0 0 0 -1.0367167349981115 -2.5977097777557803 -4.180069941087764 1.577635014189505 -2.1048364204335073 -2.262132869714371
695 6255 0 0 0 -1.0367167304403868 -2.597709762008514 -4.180069903080334 1.5776350766902818 -2.1048363323634023 -2.262132686773898
696 6264 0 0 0 -1.0367167333600342 -2.597709769004997 -4.180069932938383 1.5776349529464557 -2.1048363902896403 -2.2621327678838714
697 6273 0 0 0 -1.0367167344063715 -2.597709770947821 -4.180069944466679 1.5776348950808339 -2.1048364118417577 -2.262132914565276
698 6282 0 0 0 -1.0367167355756142 -2.5977097781758247 -4.180069949121657 1.577634958908631 -2.104836434046318 -2.2621328411122286
699 6291 0 0 0 -1.0367167334070917 -2.59770976660939 -4.1800699369017 1.577634891591851 -2.1048363928656877 -2.262132776924734
700 6300 0 0 0 -1.0367167336910093 -2.5977097692721007 -4.180069936562189 1.577634929975724 -2.104836398182166 -2.2621327388819523
701 6309 0 0 0 -1.0367167305599865 -2.5977097578683654 -4.180069910158248 1.57763496896391 -2.1048363359103006 -2.262132744292749
702 6318 0 0 0 -1.0367167313130676 -2.597709761449881 -4.180069915390295 1.5776349792784081 -2.104836350363754 -2.262132719168543
703 6327 0 0 0 -1.0367167317205526 -2.597709763212793 -4.180069918654999 1.5776349793313182 -2.1048363586825056 -2.262132727869694
704 6336 0 0 0 -1.03671673382498 -2.597709773701209 -4.180069932347268 1.5776350214021166 -2.1048363996991797 -2.262132675374932
705 6345 0 0 0 -1.0367167337594347 -2.5977097733124794 -4.180069931729851 1.5776350205331053 -2.104836397670384 -2.2621326671922413
706 6354 0 0 0 -1.036716732690972 -2.597709769544235 -4.18006992237687 1.5776350377673256 -2.1048363760093665 -2.262132670753435
707 6363 0 0 0 -1.0367167324447506 -2.5977097681856716 -4.180069921212245 1.5776350284742506 -2.1048363717491734 -2.2621326940071786
708 6372 0 0 0 -1.0367167330456748 -2.597709770791306 -4.180069925720483 1.5776350307080034 -2.1048363833794115 -2.2621327038115617
709 6381 0 0 0 -1.036716733767439 -2.5977097744902125 -4.180069930244258 1.5776350473393743 -2.1048363976387074 -2.262132682093792
710 6390 0 0 0 -1.0367167316113532 -2.5977097649881573 -4.180069914216627 1.5776350361581841 -2.1048363551938896 -2.262132688983099
711 6399 0 0 0 -1.0367167319880244 -2.5977097668170943 -4.180069916734655 1.5776350426187828 -2.1048363625430917 -2.2621326891913545
712 6408 0 0 0 -1.0367167317887052 -2.5977097659557473 -4.180069915281736 1.5776350416172098 -2.1048363587086367 -2.262132673436553
713 6417 0 0 0 -1.0367167324782685 -2.597709769007737 -4.180069920432161 1.577635045239466 -2.104836372228341 -2.262132659630344
714 6426 0 0 0 -1.0367167333220841 -2.597709772363976 -4.180069927162512 1.577635041333443 -2.1048363888600816 -2.26213266519369
715 6435 0 0 0 -1.0367167331353557 -2.5977097718720534 -4.180069925267065 1.5776350485774577 -2.1048363852526157 -2.2621326612452806
716 6444 0 0 0 -1.0367167327467164 -2.5977097697785503 -4.180069923019362 1.5776350366215994 -2.1048363776886037 -2.2621326769436787
717 6453 0 0 0 -1.0367167328455826 -2.5977097704944176 -4.180069923440851 1.57763504324803 -2.104836379848256 -2.2621326805374196
